0.100000E+01
0.870041E+00
0.502394E+00
0.194223E+00
0.507223E-01
0.912356E-02
0.127150E-02
0.268903E-03
0.186891E-03
0.196538E-03
0.186940E-03
0.149306E-03
0.113886E-03
0.966304E-04
0.873736E-04
0.736523E-04
0.539489E-04
0.341372E-04
0.202011E-04
0.137877E-04
0.119241E-04
0.106517E-04
0.848365E-05
0.601002E-05
0.408186E-05
0.334428E-05
0.400288E-05
0.524261E-05
0.570646E-05
0.489088E-05
0.349958E-05
0.253226E-05
0.268432E-05
0.429525E-05
0.698900E-05
0.933675E-05
0.975385E-05
0.814345E-05
0.595517E-05
0.435250E-05
0.331467E-05
0.256307E-05
0.206476E-05
0.172829E-05
0.153038E-05
0.162600E-05
0.192870E-05
0.205921E-05
0.184236E-05
0.144699E-05
0.109599E-05
0.865081E-06
0.720590E-06
0.676094E-06
0.813499E-06
0.120422E-05
0.184224E-05
0.244914E-05
0.252966E-05
0.199720E-05
0.141272E-05
0.132935E-05
0.170760E-05
0.203399E-05
0.189470E-05
0.139216E-05
0.936466E-06
0.790539E-06
0.913442E-06
0.105270E-05
0.979714E-06
0.719378E-06
0.465627E-06
0.335108E-06
0.312289E-06
0.321363E-06
0.294103E-06
0.222126E-06
0.144079E-06
0.107872E-06
0.167262E-06
0.359612E-06
0.624834E-06
0.798399E-06
0.819212E-06
0.860714E-06
0.107686E-05
0.136430E-05
0.150534E-05
0.138331E-05
0.104423E-05
0.659193E-06
0.384185E-06
0.271419E-06
0.327346E-06
0.529429E-06
0.769679E-06
0.890022E-06
0.805362E-06
0.572179E-06
0.340210E-06
0.229776E-06
0.245324E-06
0.298717E-06
0.308103E-06
0.268386E-06
0.224248E-06
0.211162E-06
0.233305E-06
0.262560E-06
0.268893E-06
0.271438E-06
0.314075E-06
0.379936E-06
0.404285E-06
0.381270E-06
0.362381E-06
0.351311E-06
0.309416E-06
0.242832E-06
0.195749E-06
0.199367E-06
0.260478E-06
0.346427E-06
0.391270E-06
0.363843E-06
0.310287E-06
0.296782E-06
0.324959E-06
0.345128E-06
0.342381E-06
0.348896E-06
0.375845E-06
0.394351E-06
0.378635E-06
0.337763E-06
0.295031E-06
0.244213E-06
0.176878E-06
0.122923E-06
0.109702E-06
0.122178E-06
0.127874E-06
0.126098E-06
0.157282E-06
0.250141E-06
0.373624E-06
0.460517E-06
0.473977E-06
0.434239E-06
0.377342E-06
0.314827E-06
0.245445E-06
0.177789E-06
0.128650E-06
0.105367E-06
0.953543E-07
0.826697E-07
0.687406E-07
0.658880E-07
0.789144E-07
0.993357E-07
0.115496E-06
0.120234E-06
0.109214E-06
0.877700E-07
0.696946E-07
0.616707E-07
0.659751E-07
0.966225E-07
0.173950E-06
0.287834E-06
0.378209E-06
0.387943E-06
0.329253E-06
0.266054E-06
0.239383E-06
0.230459E-06
0.204182E-06
0.165477E-06
0.144391E-06
0.150581E-06
0.166016E-06
0.178915E-06
0.203996E-06
0.239936E-06
0.247863E-06
0.217031E-06
0.195355E-06
0.214654E-06
0.241629E-06
0.238521E-06
0.224701E-06
0.235774E-06
0.254974E-06
0.234024E-06
0.167261E-06
0.993224E-07
0.663004E-07
0.630761E-07
0.650706E-07
0.627463E-07
0.639597E-07
0.701540E-07
0.733629E-07
0.731894E-07
0.740480E-07
0.728993E-07
0.693389E-07
0.732514E-07
0.856961E-07
0.936838E-07
0.943478E-07
0.994976E-07
0.109356E-06
0.108324E-06
0.962489E-07
0.972083E-07
0.122562E-06
0.148642E-06
0.150167E-06
0.137000E-06
0.145580E-06
0.205445E-06
0.302097E-06
0.370698E-06
0.359718E-06
0.294948E-06
0.242126E-06
0.224008E-06
0.208857E-06
0.167032E-06
0.109246E-06
0.657161E-07
0.515729E-07
0.627506E-07
0.878166E-07
0.115753E-06
0.141377E-06
0.163764E-06
0.178660E-06
0.178294E-06
0.161027E-06
0.138191E-06
0.121017E-06
0.105457E-06
0.863843E-07
0.716737E-07
0.683815E-07
0.738579E-07
0.810802E-07
0.814641E-07
0.717479E-07
0.601178E-07
0.569750E-07
0.642616E-07
0.803985E-07
0.110023E-06
0.155197E-06
0.193004E-06
0.186932E-06
0.135298E-06
0.775728E-07
0.458739E-07
0.430917E-07
0.634665E-07
0.100657E-06
0.134923E-06
0.140645E-06
0.114863E-06
0.804845E-07
0.593638E-07
0.566338E-07
0.664172E-07
0.780728E-07
0.797149E-07
0.659942E-07
0.446571E-07
0.300571E-07
0.294220E-07
0.393521E-07
0.528259E-07
0.668598E-07
0.837756E-07
0.102558E-06
0.114607E-06
0.117894E-06
0.122963E-06
0.130610E-06
0.124160E-06
0.965710E-07
0.636314E-07
0.463979E-07
0.548000E-07
0.845898E-07
0.118439E-06
0.135414E-06
0.129633E-06
0.112875E-06
0.949094E-07
0.751160E-07
0.555996E-07
0.439124E-07
0.408729E-07
0.406907E-07
0.401633E-07
0.383582E-07
0.333579E-07
0.252105E-07
0.179967E-07
0.177102E-07
0.292377E-07
0.495561E-07
0.644833E-07
0.633218E-07
0.525776E-07
0.432233E-07
0.363250E-07
0.315599E-07
0.350207E-07
0.506285E-07
0.726126E-07
0.893386E-07
0.909990E-07
0.765706E-07
0.556615E-07
0.390679E-07
0.295391E-07
0.251278E-07
0.240327E-07
0.236359E-07
0.219777E-07
0.215882E-07
0.281155E-07
0.437847E-07
0.628672E-07
0.743448E-07
0.700453E-07
0.526212E-07
0.352556E-07
0.298455E-07
0.362017E-07
0.449307E-07
0.483090E-07
0.456859E-07
0.400669E-07
0.337278E-07
0.281287E-07
0.241905E-07
0.214360E-07
0.191689E-07
0.179793E-07
0.192294E-07
0.240572E-07
0.324867E-07
0.417762E-07
0.454957E-07
0.391902E-07
0.288466E-07
0.260891E-07
0.344156E-07
0.451448E-07
0.475036E-07
0.402899E-07
0.302698E-07
0.230797E-07
0.205836E-07
0.228973E-07
0.276507E-07
0.301262E-07
0.287582E-07
0.272852E-07
0.288737E-07
0.330717E-07
0.395485E-07
0.484770E-07
0.569447E-07
0.629143E-07
0.702444E-07
0.796326E-07
0.828511E-07
0.753500E-07
0.618999E-07
0.472205E-07
0.328044E-07
0.209188E-07
0.144352E-07
0.133830E-07
0.149210E-07
0.174875E-07
0.230687E-07
0.335083E-07
0.470970E-07
0.618469E-07
0.767164E-07
0.858903E-07
0.821694E-07
0.674612E-07
0.492220E-07
0.329003E-07
0.239322E-07
0.264356E-07
0.371310E-07
0.473222E-07
0.511235E-07
0.476680E-07
0.387835E-07
0.286997E-07
0.214174E-07
0.179125E-07
0.182335E-07
0.218580E-07
0.259399E-07
0.273313E-07
0.253167E-07
0.215797E-07
0.186517E-07
0.177987E-07
0.179674E-07
0.171565E-07
0.144666E-07
0.106448E-07
0.737522E-08
0.611838E-08
0.722886E-08
0.979101E-08
0.122767E-07
0.139831E-07
0.151411E-07
0.155973E-07
0.153308E-07
0.159803E-07
0.193488E-07
0.237007E-07
0.248414E-07
0.227270E-07
0.222782E-07
0.248827E-07
0.250841E-07
0.196702E-07
0.136822E-07
0.142778E-07
0.233100E-07
0.349691E-07
0.406124E-07
0.387415E-07
0.345075E-07
0.300496E-07
0.241783E-07
0.171615E-07
0.105072E-07
0.603854E-08
0.569840E-08
0.113156E-07
0.228716E-07
0.347582E-07
0.391724E-07
0.364542E-07
0.340588E-07
0.348630E-07
0.347824E-07
0.307192E-07
0.246979E-07
0.199092E-07
0.172975E-07
0.165240E-07
0.172648E-07
0.195772E-07
0.242520E-07
0.315585E-07
0.389494E-07
0.436753E-07
0.460287E-07
0.463341E-07
0.444817E-07
0.421965E-07
0.406005E-07
0.381198E-07
0.322560E-07
0.237620E-07
0.175331E-07
0.160621E-07
0.164638E-07
0.160099E-07
0.149011E-07
0.135460E-07
0.118772E-07
0.105649E-07
0.101333E-07
0.105730E-07
0.128268E-07
0.180834E-07
0.245305E-07
0.276514E-07
0.262954E-07
0.247737E-07
0.259106E-07
0.267709E-07
0.246065E-07
0.216049E-07
