-9.33897812E-04
-9.59271771E-04
-1.02998242E-03
-1.10355803E-03
-1.18089923E-03
-1.15339251E-03
-1.15620731E-03
-1.02129231E-03
-1.00830895E-03
-1.06108727E-03
-1.11597055E-03
-1.12394818E-03
-1.09908604E-03
-1.13479245E-03
-1.08424843E-03
-1.01163426E-03
-9.37321439E-04
-1.02898749E-03
-8.80276002E-04
-7.83621021E-04
-7.13397200E-04
-6.69909147E-04
-7.15325786E-04
-8.08878969E-04
-9.73769493E-04
-1.03585980E-03
-1.03481705E-03
-1.03899548E-03
-8.77322327E-04
-1.04987681E-03
-1.10546070E-03
-1.16231118E-03
-1.18966070E-03
-1.14418002E-03
-1.22633059E-03
-1.36425686E-03
-1.35172522E-03
-1.40508201E-03
-1.38216935E-03
-1.39839166E-03
-1.27593370E-03
-1.37881156E-03
-1.31430375E-03
-1.33757033E-03
-1.37882033E-03
-1.35818126E-03
-1.33841934E-03
-1.27171718E-03
-1.32154046E-03
-1.34953669E-03
-1.32145637E-03
-1.18078269E-03
-1.06490794E-03
-1.07036347E-03
-1.00525042E-03
-1.04637577E-03
-1.01118871E-03
-9.89923122E-04
-9.86789245E-04
-9.92838072E-04
-9.85713179E-04
-9.31527845E-04
-8.93290661E-04
-9.88992372E-04
-1.04087059E-03
-8.65116622E-04
-7.89601920E-04
-7.59557974E-04
-6.28584848E-04
-7.04022448E-04
-7.02223006E-04
-5.69080855E-04
-5.50615014E-04
-5.90821719E-04
-5.06346164E-04
-5.47092647E-04
-5.45759596E-04
-4.64278299E-04
-5.67030864E-04
-5.67107991E-04
-6.30580537E-04
-5.39948493E-04
-4.63074109E-04
-5.26718696E-04
-5.90840616E-04
-5.65072121E-04
-5.85171714E-04
-5.23046810E-04
-5.37116216E-04
-5.71638429E-04
-5.55248912E-04
-6.51539916E-04
-6.35930491E-04
-6.44851441E-04
-6.16229336E-04
-5.63664489E-04
-7.04469642E-04
-7.92542089E-04
-7.10236105E-04
-6.23049016E-04
-7.04403338E-04
-6.46565208E-04
-6.96579932E-04
-6.42940819E-04
-6.68625915E-04
-8.02259865E-04
-8.00116124E-04
-8.15053082E-04
-6.47864780E-04
-6.67316491E-04
-6.84823122E-04
-6.02751266E-04
-5.57047009E-04
-6.38063904E-04
-6.44631298E-04
-5.04530278E-04
-4.53743896E-04
-6.03098807E-04
-6.34994376E-04
-5.97614280E-04
-5.60654026E-04
-6.28842522E-04
-6.39938327E-04
-6.90725013E-04
-7.99794739E-04
-7.94634026E-04
-9.29577997E-04
-9.49656699E-04
-8.54001737E-04
-7.84213922E-04
-7.84970313E-04
-6.81861728E-04
-6.28731543E-04
-5.96108641E-04
-6.36917361E-04
-7.02294521E-04
-6.76265006E-04
-7.84368783E-04
-7.26442481E-04
-6.77704994E-04
-6.63099689E-04
-7.25848314E-04
-6.91705258E-04
-6.69381630E-04
-6.08388406E-04
-7.19782517E-04
-7.29498606E-04
-7.85763287E-04
-7.21411633E-04
-7.20325004E-04
-8.15896316E-04
-8.60752681E-04
-8.38095077E-04
-7.82734337E-04
-6.34268907E-04
-6.66539619E-04
-6.92523353E-04
-7.85473648E-04
-8.14631886E-04
-8.28783969E-04
-8.63994903E-04
-8.70771191E-04
-9.78735309E-04
-8.90424151E-04
-9.69664548E-04
-9.63656322E-04
-1.02133537E-03
-8.86308494E-04
-1.04463147E-03
-1.14711212E-03
-1.09437064E-03
-1.01588422E-03
-9.76533937E-04
-9.39434244E-04
-7.72474622E-04
-9.59358901E-04
-8.84677293E-04
-9.68670448E-04
-1.15713268E-03
-1.04587035E-03
-9.41789834E-04
-8.46299087E-04
-9.65148298E-04
-9.70685060E-04
-9.14621956E-04
-9.33272799E-04
-8.68019773E-04
-7.94284979E-04
-8.74864255E-04
-8.57699342E-04
-9.18862659E-04
-8.74727332E-04
-9.26645712E-04
-1.14536958E-03
-1.09128244E-03
-1.08917885E-03
-1.21315423E-03
-1.28070131E-03
-1.30270480E-03
-1.21375435E-03
-1.30721356E-03
-1.19937703E-03
-1.25602704E-03
-1.26124104E-03
-1.20758017E-03
-1.11105056E-03
-1.03928430E-03
-1.01095620E-03
-9.53718777E-04
-9.70062097E-04
-8.97693291E-04
-8.01145109E-04
-7.55097877E-04
-7.27547129E-04
-6.63330470E-04
-6.82510920E-04
-7.83190028E-04
-6.87280619E-04
-6.59692768E-04
-6.21062754E-04
-6.81331472E-04
-5.83136750E-04
-5.43969010E-04
-5.71962120E-04
-5.79359484E-04
-5.09566462E-04
-6.20569041E-04
-6.33613052E-04
-7.95877040E-04
-8.67189531E-04
-8.31170330E-04
-7.80011878E-04
-7.33213530E-04
-6.16915771E-04
-5.29218144E-04
-4.93122169E-04
-4.62530264E-04
-4.80656808E-04
-3.53200631E-04
-4.33565564E-04
-4.44029797E-04
-4.47116585E-04
-3.64015700E-04
-3.77055376E-04
-4.21098690E-04
-4.20098682E-04
-4.35149465E-04
-4.66082154E-04
-4.86751080E-04
-4.54100178E-04
-4.33622150E-04
-5.41302224E-04
-4.85300314E-04
-4.02365377E-04
-3.25038774E-04
-3.86189504E-04
-3.93430518E-04
-4.12332653E-04
-3.80270689E-04
-3.72174357E-04
-3.84007033E-04
-2.53425499E-04
-2.13105625E-04
-2.63887666E-04
-2.70955120E-04
-2.23292742E-04
-1.53136872E-04
-1.14956985E-04
-2.11562472E-04
-2.50230586E-04
-2.50959295E-04
-1.92149493E-04
-2.37983186E-04
-1.88207523E-04
-2.31699348E-04
-1.48527582E-04
-1.99307833E-04
-1.53942936E-04
-2.36638940E-04
-1.35346169E-04
-1.18090402E-04
-1.80603187E-04
-1.56787791E-04
-2.23731975E-04
-2.23163700E-04
-1.41652921E-04
-1.46385384E-04
-1.80385171E-04
-9.68495280E-05
-6.33089090E-05
2.36148651E-05
2.22313998E-05
-7.56243587E-05
1.08298816E-04
9.83614485E-05
5.62364940E-05
7.12456499E-05
-6.20384492E-05
-1.36333244E-04
-9.77603623E-05
-2.25170644E-05
-1.91124559E-05
3.53224068E-05
3.09867481E-05
1.04091915E-04
1.66390485E-04
3.66975758E-05
1.14576271E-04
8.89453123E-05
6.92030914E-05
1.02367125E-04
1.78909099E-04
8.83575770E-05
5.87727331E-05
2.06036261E-05
8.28296299E-06
-4.57414138E-05
1.43181593E-04
6.20928548E-06
4.64960980E-05
8.25166272E-05
8.43642238E-05
2.08696840E-04
1.78324224E-04
2.41784988E-04
1.80695724E-04
1.41602384E-04
7.06199312E-05
9.90453443E-05
1.41832180E-04
6.22456582E-05
7.27274879E-05
1.04139972E-04
1.05155558E-04
1.49809657E-04
1.18918688E-04
3.20518497E-05
7.23927188E-05
-1.02101724E-05
-4.04810679E-05
-3.06969179E-05
4.48234746E-05
-3.19218513E-07
1.17309352E-04
1.46951915E-05
-1.73758833E-04
-2.02355122E-04
-2.22081398E-04
-1.88378246E-04
-1.96794455E-04
-2.36372794E-04
-1.71297473E-04
-1.25514094E-04
-7.22943620E-05
-5.60321038E-05
-4.82083842E-05
4.19070816E-05
5.92709917E-05
-7.61344816E-05
-4.59542738E-05
-6.98780648E-06
5.29008544E-05
6.88200532E-06
-8.73874884E-05
-7.95038461E-05
4.69838304E-05
4.74440339E-05
-9.21251718E-05
-6.90569982E-05
-1.39390552E-04
-1.48912820E-04
-1.41295343E-04
-7.46271241E-05
-4.61144136E-05
-9.61283259E-05
-2.32862540E-04
-1.09854722E-04
-9.71517887E-05
-2.48437175E-04
-2.08574955E-04
-1.04660223E-04
-1.78833954E-04
-1.49968554E-04
-1.39395370E-04
-1.36840568E-04
-1.32246664E-04
-2.02800244E-04
-2.99754046E-04
-2.99646948E-04
-3.45976973E-04
-4.51232750E-04
-4.15789613E-04
-4.24926832E-04
-4.53843477E-04
-3.96348292E-04
-3.50702109E-04
-3.18665325E-04
-2.72071210E-04
-3.03768077E-04
-3.47117835E-04
-3.33197401E-04
-2.87793021E-04
-2.28830631E-04
-1.38700022E-04
-1.25998725E-04
-2.52186909E-04
-1.17191117E-04
-3.97361660E-05
-5.91857059E-05
5.48897225E-05
8.30379862E-05
8.85174211E-05
3.47096175E-06
4.98022259E-05
-6.84218583E-05
-5.49324021E-05
-5.06768609E-05
-3.41263080E-05
6.56805272E-06
-1.26751872E-04
-6.86514562E-05
-9.85917157E-05
-1.72714807E-04
-1.38346997E-04
-1.75472099E-04
-1.97042965E-04
-1.25552013E-04
-4.29930584E-05
-1.20656801E-04
-1.98629277E-04
-9.43270066E-05
-2.62806606E-04
-2.91035977E-04
-2.18124659E-04
-1.71902691E-04
-5.39977473E-05
2.41426622E-05
-5.44011803E-05
1.98669903E-05
1.27524842E-04
2.54749612E-05
6.35068776E-07
1.72702028E-05
-1.81351153E-06
-6.94840564E-05
-6.57033544E-06
-3.83272562E-05
-1.34126588E-04
-2.25867400E-04
-2.03249970E-04
-1.09820605E-04
-1.01424455E-04
-1.89427080E-04
-1.40702531E-04
1.64308843E-05
-9.73633125E-05
-9.00563930E-05
3.56777200E-05
4.20836103E-05
-4.03283953E-05
-1.42054125E-05
-4.86249768E-05
-8.59084174E-05
-4.27704711E-05
-2.90751905E-05
-1.94249734E-04
-1.21010905E-04
-1.26435089E-04
-1.16310485E-04
-1.05364156E-04
-9.85501139E-05
-2.61425512E-04
-2.61386119E-04
-2.46899077E-04
-2.97795118E-04
-2.63342050E-04
-3.27065821E-04
-2.90006801E-04
-3.73790865E-04
-3.13256392E-04
-4.43336953E-04
-3.88992393E-04
-3.05257271E-04
-2.26304605E-04
-2.51296178E-04
-2.31046297E-04
-3.06017230E-04
-3.32385194E-04
-3.33607257E-04
-2.92154042E-04
-2.45214012E-04
-1.87262695E-04
-1.75990502E-04
-1.09113020E-04
-9.96624837E-05
-2.45149320E-05
-1.00160505E-06
6.24374864E-06
-1.23782251E-04
-1.37622575E-04
-1.12536114E-04
-2.05731591E-04
-1.87966868E-04
-2.83959279E-04
-3.62140246E-04
-3.67210092E-04
-3.85714276E-04
-2.29005309E-04
-2.13455883E-04
-2.08604588E-04
-3.11741802E-04
-2.79625456E-04
-1.89061270E-04
-2.30985284E-04
-2.56239960E-04
-2.40023673E-04
-1.83832435E-04
-1.93252394E-04
-2.53239996E-04
-2.74255912E-04
-2.67833210E-04
-2.81531795E-04
-2.81383036E-04
-4.73877884E-04
-4.68628569E-04
-4.00644498E-04
-4.92832227E-04
-3.26936975E-04
-3.65851223E-04
-2.62502425E-04
-2.68693810E-04
-3.48169047E-04
-4.00696701E-04
-3.76938842E-04
-3.76680575E-04
-3.91981415E-04
-3.01241664E-04
-3.82789960E-04
-3.23975376E-04
-4.67760916E-04
-4.36093387E-04
-3.95111199E-04
-3.12265550E-04
-1.80923427E-04
6.67948790E-06
6.53012644E-05
1.37520448E-04
1.15512572E-04
1.37260748E-04
1.34235720E-04
6.34243499E-05
7.99028874E-05
1.27498739E-05
-2.36500844E-05
-3.85669943E-05
1.12144454E-05
7.40790323E-05
1.08688125E-04
1.90441935E-04
1.35555306E-04
2.61843719E-04
1.58816234E-04
1.82271961E-04
1.87189291E-04
2.29999381E-04
1.99162205E-04
2.27941376E-04
2.69268321E-04
2.21044229E-04
3.30574040E-04
4.10618427E-04
4.61999034E-04
3.43244489E-04
3.59403699E-04
4.03114980E-04
4.71592150E-04
3.82160247E-04
3.25032597E-04
3.89704322E-04
2.66244475E-04
1.87695201E-04
2.10326123E-04
2.35415654E-04
2.83564137E-04
1.68362319E-04
2.37716688E-04
2.09983562E-04
2.34615081E-04
2.77050356E-04
3.11522241E-04
3.93595234E-04
4.44393011E-04
3.66437339E-04
1.84014416E-04
2.11415038E-04
7.28413675E-05
1.09607832E-04
1.54664043E-04
2.01851418E-04
2.00120229E-04
3.14286063E-04
4.26346197E-04
3.55606928E-04
3.04279599E-04
3.45639236E-04
3.37494975E-04
3.76657217E-04
2.67442547E-04
2.99644855E-04
2.47851073E-04
1.90603162E-04
1.60497919E-04
1.49329982E-04
3.62129921E-04
4.39821050E-04
5.98982036E-04
5.72037425E-04
5.44851558E-04
5.05941911E-04
5.35566097E-04
6.17931533E-04
6.66775528E-04
5.92183755E-04
5.98852053E-04
6.22373607E-04
6.17585562E-04
7.08499468E-04
6.99716272E-04
7.51929041E-04
7.94449648E-04
6.80542721E-04
7.52910176E-04
8.31055690E-04
6.62554538E-04
6.27498827E-04
6.49712224E-04
5.92064310E-04
6.88853144E-04
6.98735453E-04
7.45190450E-04
7.00539873E-04
6.63385896E-04
6.09246267E-04
6.13012590E-04
6.04949354E-04
6.28039852E-04
6.18172283E-04
5.97393976E-04
6.61666770E-04
6.62140274E-04
6.77471695E-04
7.48584891E-04
8.19684350E-04
9.62436797E-04
1.06678954E-03
1.04513574E-03
1.12469341E-03
1.07554200E-03
1.07567166E-03
1.17165853E-03
1.06260124E-03
1.11647485E-03
1.07530058E-03
1.08514818E-03
1.25087537E-03
1.27795176E-03
1.36097415E-03
1.51775856E-03
1.49400636E-03
1.53460429E-03
1.63222948E-03
1.59838444E-03
1.52930795E-03
1.53313768E-03
1.62620683E-03
1.59322636E-03
1.54561973E-03
1.74976371E-03
1.76123934E-03
1.68507779E-03
1.61101861E-03
1.50723656E-03
1.41380514E-03
1.44936071E-03
1.38989708E-03
1.29567683E-03
1.21609344E-03
1.19268216E-03
1.09474412E-03
1.11980486E-03
1.20423011E-03
1.07380527E-03
9.40881094E-04
9.29295758E-04
9.64172112E-04
9.37953711E-04
9.26414346E-04
8.86301460E-04
8.52787164E-04
8.15008767E-04
8.75728435E-04
8.71996223E-04
7.25840588E-04
7.96510980E-04
8.24899593E-04
8.41738243E-04
7.81758830E-04
5.87705664E-04
5.34548775E-04
6.32570521E-04
5.91600239E-04
5.63151706E-04
5.33792389E-04
5.02288633E-04
5.64191173E-04
5.53552487E-04
5.47218745E-04
5.48013366E-04
5.70300370E-04
4.45493804E-04
5.28806465E-04
5.30567414E-04
5.45705476E-04
6.60387133E-04
6.54630550E-04
6.78414504E-04
7.10243516E-04
6.96864471E-04
6.73623555E-04
6.61911142E-04
6.53768856E-04
6.70421860E-04
6.90181373E-04
5.67961800E-04
6.25325149E-04
5.01716454E-04
6.32690878E-04
6.10858928E-04
6.61188497E-04
7.00482739E-04
6.32936183E-04
6.63436621E-04
6.32887996E-04
6.27062159E-04
7.35601435E-04
7.09170911E-04
8.92180441E-04
9.19691907E-04
8.65550650E-04
7.85842165E-04
8.09142035E-04
8.93227295E-04
8.91161045E-04
9.79958331E-04
1.02650141E-03
9.35823515E-04
8.90194599E-04
1.00678172E-03
9.32124351E-04
1.06282529E-03
1.07699729E-03
1.09541622E-03
1.06600049E-03
1.05491298E-03
1.05516933E-03
1.05014221E-03
1.14048516E-03
1.07243271E-03
1.06096150E-03
1.04658249E-03
1.06029923E-03
1.00113682E-03
1.05426250E-03
9.71555768E-04
1.09035317E-03
1.06850817E-03
1.20286195E-03
1.22711348E-03
1.22666563E-03
1.18121208E-03
1.15188936E-03
1.17949327E-03
1.18803009E-03
1.17762172E-03
1.25436220E-03
1.23924573E-03
1.23525606E-03
1.22870175E-03
1.15169363E-03
1.06642143E-03
1.09751108E-03
1.19858430E-03
1.20473180E-03
1.17764398E-03
1.24094670E-03
1.23237171E-03
1.21522340E-03
1.17917868E-03
1.06381184E-03
9.91183806E-04
1.08531736E-03
1.11292250E-03
1.11568680E-03
9.87004857E-04
9.97841594E-04
1.04446232E-03
8.63650305E-04
8.39039749E-04
6.84521399E-04
7.60927529E-04
7.50267649E-04
6.62900829E-04
7.12525834E-04
7.08526785E-04
7.90540887E-04
7.75310994E-04
9.09334510E-04
8.62482660E-04
7.49796844E-04
8.56815234E-04
7.87809457E-04
9.14561565E-04
7.95388052E-04
8.19366658E-04
9.32744860E-04
9.23218581E-04
9.35829223E-04
9.20761411E-04
9.35555231E-04
9.76087674E-04
9.28867558E-04
8.78423621E-04
8.14391011E-04
8.00781802E-04
7.77784830E-04
7.64665069E-04
7.19077048E-04
7.31166510E-04
7.90147111E-04
8.23545219E-04
9.27952101E-04
8.60825461E-04
9.88352014E-04
1.02321854E-03
1.01456976E-03
1.02682233E-03
1.02653590E-03
1.11366932E-03
1.07898327E-03
1.01289586E-03
9.65875954E-04
1.07725439E-03
1.04882248E-03
1.12503641E-03
1.15591726E-03
1.11211071E-03
1.00829227E-03
9.93616953E-04
1.11361083E-03
1.08304514E-03
1.14970330E-03
1.07530642E-03
1.05852099E-03
1.04201923E-03
1.10330507E-03
1.02411336E-03
1.01294310E-03
9.25505324E-04
9.34305777E-04
9.78423689E-04
9.59487211E-04
1.08650537E-03
1.20623328E-03
1.17300113E-03
1.14747868E-03
1.09846891E-03
9.80222765E-04
9.72044257E-04
9.56022076E-04
8.97986981E-04
1.02901581E-03
1.11444545E-03
1.08045194E-03
1.02714800E-03
1.14740945E-03
1.03489335E-03
1.03969086E-03
9.70751141E-04
7.47858962E-04
7.56984824E-04
8.14016278E-04
8.37056245E-04
9.06550497E-04
9.17717012E-04
8.33214507E-04
8.47411813E-04
7.35225419E-04
7.08714667E-04
7.02157067E-04
7.98465697E-04
8.60049732E-04
9.26578296E-04
7.80582584E-04
8.07397648E-04
7.62336873E-04
7.90014009E-04
6.90270447E-04
6.52601331E-04
6.90128882E-04
8.06372300E-04
8.31706276E-04
7.14555839E-04
7.51471409E-04
7.99071023E-04
6.75464147E-04
7.01118936E-04
6.59435180E-04
7.34655595E-04
6.77389723E-04
5.25242995E-04
4.78333551E-04
4.04539113E-04
4.99277158E-04
6.69783172E-04
7.65254976E-04
6.65762213E-04
5.85601087E-04
5.75231398E-04
5.82077575E-04
5.77972031E-04
4.89502132E-04
5.51722538E-04
5.30675208E-04
6.26466934E-04
6.46347163E-04
7.39944048E-04
7.86475321E-04
7.67705443E-04
8.68639204E-04
9.66576203E-04
1.02408886E-03
1.09607171E-03
1.09696587E-03
1.16250099E-03
1.07153537E-03
1.07758002E-03
9.59104756E-04
9.37300285E-04
9.53240673E-04
9.33795824E-04
9.15372537E-04
8.92639109E-04
9.39227547E-04
8.07231116E-04
8.24148945E-04
8.67117709E-04
8.65134851E-04
9.27307258E-04
9.83038367E-04
1.00907060E-03
9.91279099E-04
9.66786645E-04
9.94893046E-04
1.05663983E-03
9.76926230E-04
9.93823223E-04
9.57834624E-04
9.17338024E-04
8.60589530E-04
8.04082426E-04
8.80509741E-04
9.17116260E-04
8.24321470E-04
8.09949183E-04
8.64447607E-04
8.23276063E-04
8.46693200E-04
9.01274003E-04
9.03719346E-04
9.02653419E-04
9.19893200E-04
8.40557485E-04
8.07914367E-04
8.97505928E-04
8.50782814E-04
8.23122665E-04
8.95668539E-04
9.22014439E-04
9.31991866E-04
1.05752534E-03
1.21724190E-03
1.21325759E-03
1.23321744E-03
1.28433114E-03
1.29323503E-03
1.32854371E-03
1.40758180E-03
1.38525311E-03
1.40124109E-03
1.31987372E-03
1.31626491E-03
1.30833324E-03
1.29438285E-03
1.26609337E-03
1.31786858E-03
1.28783860E-03
1.32365103E-03
1.27479861E-03
1.10209757E-03
1.18852264E-03
1.20273369E-03
1.18757768E-03
1.10405464E-03
9.67774489E-04
1.00373607E-03
9.93028235E-04
9.13288392E-04
9.52098208E-04
1.06540843E-03
9.16636148E-04
8.73395007E-04
7.72979530E-04
7.98852230E-04
8.04621600E-04
8.77605860E-04
8.74278200E-04
9.11488133E-04
7.89558731E-04
8.05962432E-04
8.84322641E-04
7.93672586E-04
8.25332727E-04
8.24272159E-04
8.20280314E-04
7.34848656E-04
7.84438018E-04
7.96477449E-04
7.28321624E-04
7.01190359E-04
7.71618555E-04
8.31691130E-04
9.04723024E-04
7.64875889E-04
8.48565696E-04
8.96543306E-04
8.98464311E-04
7.47899097E-04
7.88844675E-04
7.59944563E-04
7.72719989E-04
5.66639962E-04
6.23693995E-04
7.08308311E-04
6.44493099E-04
6.49691223E-04
6.35427362E-04
5.94192154E-04
5.28274932E-04
3.69711375E-04
3.98980124E-04
3.67821419E-04
4.49481834E-04
3.91182701E-04
3.67966166E-04
5.52539645E-04
5.76434000E-04
6.66149119E-04
6.06355164E-04
6.47869776E-04
6.38880896E-04
6.87377379E-04
7.15796454E-04
6.30975005E-04
6.82772044E-04
6.03615277E-04
6.11495791E-04
5.56313019E-04
6.31889007E-04
6.72905182E-04
6.80757004E-04
7.93958444E-04
8.97456263E-04
8.87113191E-04
1.00396317E-03
1.03235217E-03
1.16985364E-03
1.15525825E-03
1.19087929E-03
1.09032919E-03
1.04763017E-03
1.01970740E-03
9.68141396E-04
9.34791414E-04
8.53072891E-04
8.82763403E-04
9.76532502E-04
1.02513400E-03
1.08009134E-03
1.16063807E-03
1.04857752E-03
1.00735595E-03
9.63231168E-04
1.03852110E-03
1.07670038E-03
1.17919358E-03
1.17711688E-03
1.20866481E-03
1.19258903E-03
1.24588090E-03
1.20180708E-03
1.29165195E-03
1.37828171E-03
1.36745067E-03
1.35427642E-03
1.38626971E-03
1.37421422E-03
1.37566048E-03
1.26950233E-03
1.21207300E-03
1.28066939E-03
1.29630498E-03
1.23899892E-03
1.21914852E-03
1.34044725E-03
1.33757462E-03
1.32396073E-03
1.27931210E-03
1.38169336E-03
1.45799376E-03
1.47437105E-03
1.57944446E-03
1.53421774E-03
1.48917793E-03
1.50616261E-03
1.44334014E-03
1.41730025E-03
1.27482896E-03
1.24242094E-03
1.25619627E-03
1.41260496E-03
1.41912638E-03
1.49538637E-03
1.56569532E-03
1.44116732E-03
1.41527437E-03
1.27241778E-03
1.18335913E-03
1.22195414E-03
1.15327711E-03
1.16432578E-03
1.10900614E-03
1.34633871E-03
1.40924401E-03
1.46606895E-03
1.53071016E-03
1.44130849E-03
1.46849085E-03
1.47769378E-03
1.45760266E-03
1.42290333E-03
1.42402742E-03
1.44368277E-03
1.60384832E-03
1.54510831E-03
1.46852324E-03
1.37470932E-03
1.33292081E-03
1.41538566E-03
1.26677858E-03
1.28944595E-03
1.27149935E-03
1.26114526E-03
1.32895157E-03
1.28891001E-03
1.25929077E-03
1.28354406E-03
1.33257739E-03
1.34836501E-03
1.33327373E-03
1.34368003E-03
1.36780844E-03
1.41708157E-03
1.46628785E-03
1.47077685E-03
1.55599117E-03
1.53988939E-03
1.53548792E-03
1.51568759E-03
1.52452739E-03
1.41621783E-03
1.42929194E-03
1.32789380E-03
1.33258659E-03
1.24755886E-03
1.20262528E-03
1.14974352E-03
1.17009377E-03
1.05317987E-03
1.18482498E-03
1.09916522E-03
1.17195472E-03
1.09049862E-03
1.15831103E-03
1.13407461E-03
1.19996789E-03
1.04285427E-03
9.99123716E-04
9.09216663E-04
9.28990722E-04
9.71708734E-04
1.07200499E-03
1.10946785E-03
1.08090488E-03
9.98632903E-04
9.12533328E-04
9.76781671E-04
9.41928510E-04
9.72741685E-04
9.03602138E-04
9.58289245E-04
8.83183779E-04
8.65962990E-04
8.04893300E-04
7.05678867E-04
7.83736298E-04
7.01469726E-04
5.57717396E-04
5.49164151E-04
3.45696649E-04
4.44560788E-04
2.44951025E-04
2.76999843E-04
1.69559282E-04
2.74905788E-04
3.18841142E-04
2.12958831E-04
2.96871732E-04
5.02517125E-04
3.62381471E-04
3.72622777E-04
3.25677217E-04
2.34740638E-04
2.56226030E-04
2.68672995E-04
3.55292763E-04
4.24888603E-04
3.96664532E-04
3.36745853E-04
3.99547862E-04
3.31537203E-04
2.62079466E-04
3.14513065E-04
3.08572880E-04
2.19734551E-04
1.87877495E-04
3.09812882E-04
2.91752413E-04
3.68175168E-04
3.95791949E-04
3.95593254E-04
5.23429104E-04
6.33146293E-04
5.82292437E-04
4.54062749E-04
3.77710646E-04
3.88285137E-04
3.98129306E-04
3.13101082E-04
4.33032819E-04
3.52457556E-04
3.26434047E-04
5.08383888E-04
4.01240178E-04
4.36218303E-04
3.70300386E-04
2.29155179E-04
2.65956268E-04
1.90784300E-04
1.49571728E-04
2.29912504E-04
1.78379760E-04
1.33724335E-04
1.55725472E-04
1.72215990E-04
9.52204201E-05
4.03103801E-05
5.24430531E-05
1.34103969E-04
9.01425472E-05
7.90520299E-05
1.44580006E-04
2.50422325E-04
1.21263590E-04
1.43537664E-04
9.37745872E-05
1.49770742E-04
2.31824304E-04
3.16787858E-04
3.99857844E-04
3.32573088E-04
3.33857914E-04
3.76247669E-04
4.34100117E-04
3.12616158E-04
3.08630889E-04
3.32749568E-04
3.34291296E-04
2.34771111E-04
2.10916003E-04
3.09079898E-04
2.06023239E-04
2.33183703E-04
2.51712612E-04
2.30327298E-04
3.14894696E-04
3.57187459E-04
3.13799276E-04
3.44199324E-04
3.60413946E-04
4.01489101E-04
4.41678480E-04
3.85640557E-04
3.79070672E-04
3.89835989E-04
1.86793748E-04
3.12482605E-04
2.55786312E-04
1.09598536E-04
1.17993089E-04
1.44768156E-04
2.04511595E-04
1.64693631E-04
1.81927011E-04
9.90141765E-05
1.34573580E-04
1.40505474E-04
1.53575744E-04
1.11670615E-04
8.77160330E-05
7.13196315E-05
1.08090340E-04
8.15719534E-05
4.91494257E-05
3.54105200E-05
4.53539811E-05
9.25807503E-05
-8.70201549E-06
1.17891974E-04
1.00684965E-05
-4.36441702E-05
-2.54868430E-05
2.93386137E-06
-2.88460090E-05
-9.04383709E-05
4.88083972E-05
1.13749371E-04
1.21516181E-04
5.96265840E-05
2.99356356E-05
3.81154758E-06
4.88137931E-05
1.33036919E-05
-3.95161825E-05
-7.92199106E-05
-1.99525657E-04
-2.48560618E-04
-2.64605813E-04
-1.96776003E-04
-1.33409819E-04
-1.18369728E-04
-1.83981927E-04
-2.14770222E-04
-4.36731505E-04
-3.92338096E-04
-3.70078592E-04
-3.20612911E-04
-2.59442310E-04
-2.90435336E-04
-3.04181011E-04
-4.09828376E-04
-2.20572984E-04
-2.88804457E-04
-2.36668896E-04
-2.62590017E-04
-2.01761192E-04
-2.10545877E-04
-1.48871565E-04
-1.54463229E-04
-1.71006972E-04
-1.47209922E-04
-1.26185704E-04
-1.43556825E-04
-1.17322172E-04
2.03130757E-05
-2.21980260E-05
-3.22440494E-05
1.19731461E-04
3.31846108E-04
3.79268180E-04
3.62122618E-04
4.07087250E-04
3.36091736E-04
2.25686114E-04
1.53887427E-04
1.45234870E-04
1.47633753E-05
6.74113974E-05
8.04239715E-05
1.94345618E-05
-4.06571348E-05
-7.47172865E-05
-4.10180270E-05
1.28793136E-05
-6.07260388E-05
-1.92672472E-04
-2.86834598E-04
-2.73313546E-04
-1.81677598E-04
-1.27749204E-04
-1.62773094E-04
-5.78675615E-05
1.05422219E-05
7.36577177E-05
1.24209078E-04
-3.14287016E-05
-4.04216660E-05
-1.49708676E-04
-1.38960011E-04
-1.14923575E-04
-9.98402533E-05
-1.00992784E-04
-2.14344899E-05
-1.54309115E-05
-9.38699133E-05
-1.05433245E-04
-2.58187319E-04
-2.68098716E-04
-1.54658978E-04
-1.23137226E-04
-1.48297519E-04
-7.29725278E-05
-7.74273596E-05
-2.99188640E-05
-2.62565812E-04
-2.50759933E-04
-2.51403691E-04
-1.86626431E-04
-1.93037683E-04
-2.82208460E-04
-2.90508812E-04
-1.84580069E-04
-2.30819334E-04
-3.25813989E-04
-4.65800619E-04
-4.88554326E-04
-4.38476836E-04
-5.04185969E-04
-4.07652318E-04
-3.48174181E-04
-3.34102942E-04
-2.67364114E-04
-3.19342726E-04
-2.73553675E-04
-3.30610011E-04
-4.51876522E-04
-5.75994929E-04
-5.97178516E-04
-5.71957505E-04
-4.51995340E-04
-4.31547862E-04
-5.23840250E-04
-5.55254264E-04
-6.40350293E-04
-6.64904379E-04
-6.73705690E-04
-5.76859587E-04
-6.08047737E-04
-6.75752977E-04
-6.87286896E-04
-6.58753206E-04
-6.48194173E-04
-7.06914744E-04
-8.97312344E-04
-8.96050047E-04
-9.04499606E-04
-8.68621064E-04
-1.03199680E-03
-1.03876972E-03
-1.13367295E-03
-1.16749547E-03
-1.29174103E-03
-1.35046968E-03
-1.34549252E-03
-1.31956006E-03
-1.31321686E-03
-1.40136676E-03
-1.38927854E-03
-1.42743389E-03
-1.39305950E-03
-1.40629937E-03
-1.39960967E-03
-1.34187136E-03
-1.48005113E-03
-1.45567082E-03
-1.39482668E-03
-1.63597166E-03
-1.53274349E-03
-1.37607314E-03
-1.37844778E-03
-1.45114103E-03
-1.46012480E-03
-1.37576766E-03
-1.32419818E-03
-1.37456388E-03
-1.37484038E-03
-1.33157991E-03
-1.38556593E-03
-1.49475874E-03
-1.54507077E-03
-1.54549920E-03
-1.54043123E-03
-1.56900775E-03
-1.53439723E-03
-1.47554472E-03
-1.45279338E-03
-1.46223080E-03
-1.50892447E-03
-1.53585006E-03
-1.52550266E-03
-1.46697709E-03
-1.39929035E-03
-1.42069009E-03
-1.31946015E-03
-1.23771961E-03
-1.26751883E-03
-1.17509908E-03
-1.17820029E-03
-1.22963983E-03
-1.28954757E-03
-1.36004163E-03
-1.30915614E-03
-1.30483811E-03
-1.32538719E-03
-1.48041028E-03
-1.43386356E-03
-1.35898452E-03
-1.19189928E-03
-1.26057679E-03
-1.16898243E-03
-1.22971149E-03
-1.25255734E-03
-1.19193955E-03
-1.19199183E-03
-1.25460656E-03
-1.35919445E-03
-1.25592984E-03
-1.15059577E-03
-1.12767395E-03
-1.22184132E-03
-1.28220020E-03
-1.41723987E-03
-1.41644877E-03
-1.26987300E-03
-1.36785122E-03
-1.39536993E-03
-1.42139143E-03
-1.44079852E-03
-1.51997844E-03
-1.44762212E-03
-1.44078912E-03
-1.52520920E-03
-1.46876971E-03
-1.45130990E-03
-1.35291592E-03
-1.36761160E-03
-1.46138021E-03
-1.52097678E-03
-1.43223398E-03
-1.39041422E-03
-1.33854451E-03
-1.45068200E-03
-1.53759097E-03
-1.48624972E-03
-1.52222970E-03
-1.54781331E-03
-1.45955085E-03
-1.54390947E-03
-1.58187890E-03
-1.65853951E-03
-1.77101332E-03
-1.80068608E-03
-1.84415759E-03
-1.85368377E-03
-1.76273655E-03
-1.81872555E-03
-1.85539642E-03
-1.82636573E-03
-1.83395924E-03
-1.75911604E-03
-1.69088187E-03
-1.60021686E-03
-1.55509516E-03
-1.54727427E-03
-1.62725637E-03
-1.55633923E-03
-1.53356623E-03
-1.52522956E-03
-1.69322690E-03
-1.64935195E-03
-1.70646184E-03
-1.62751721E-03
-1.79627952E-03
-1.70988010E-03
-1.63891249E-03
-1.79042313E-03
-1.81280759E-03
-1.87657638E-03
-1.93124989E-03
-1.84553584E-03
-1.93178167E-03
-2.02286869E-03
-2.02519822E-03
-2.05630441E-03
-2.22817527E-03
-2.09160949E-03
-2.04920247E-03
-2.02207568E-03
-2.00803473E-03
-2.03252165E-03
-1.97578783E-03
-2.00606010E-03
-1.92798600E-03
-1.99586331E-03
-1.94940790E-03
-1.96624939E-03
-1.86952839E-03
-1.99987805E-03
-2.02309951E-03
-2.08428592E-03
-2.05391061E-03
-2.03671731E-03
-1.89252502E-03
-1.87978648E-03
-1.89692800E-03
-1.96392312E-03
-2.02141485E-03
-2.04659072E-03
-2.02769551E-03
-2.05760840E-03
-2.02871820E-03
-1.99328506E-03
-2.03841942E-03
-2.15368940E-03
-2.04594958E-03
-1.94655551E-03
-1.91769715E-03
-1.83929111E-03
-1.96143016E-03
-1.97831165E-03
-1.96810844E-03
-2.02868239E-03
-2.01040864E-03
-1.88622519E-03
-1.90376885E-03
-1.87232132E-03
-1.83018991E-03
-1.80440110E-03
-1.79856735E-03
-1.87835139E-03
-1.82012529E-03
-1.95697944E-03
-1.95832607E-03
-1.86802942E-03
-1.95060650E-03
-2.06077647E-03
-1.96807961E-03
-1.94276227E-03
-1.85704443E-03
-1.94271636E-03
-1.79556363E-03
-1.90704337E-03
-2.00210971E-03
-1.95727986E-03
-1.88625744E-03
-1.88282303E-03
-1.86733298E-03
-1.84166708E-03
-1.85726652E-03
-1.87618165E-03
-1.98753512E-03
-1.92985612E-03
-2.02929631E-03
-1.98360562E-03
-2.00105125E-03
-2.12508361E-03
-2.05508889E-03
-2.06905028E-03
-2.15512345E-03
-2.16916414E-03
-2.16028261E-03
-2.16909974E-03
-2.07700567E-03
-2.13868527E-03
-2.03830086E-03
-2.05124082E-03
-2.21340451E-03
-2.20454106E-03
-2.39821829E-03
-2.27524443E-03
-2.31000726E-03
-2.41815497E-03
-2.47888267E-03
-2.45883244E-03
-2.37247431E-03
-2.40102419E-03
-2.42854025E-03
-2.42392350E-03
-2.42773687E-03
-2.49350510E-03
-2.48977410E-03
-2.55558921E-03
-2.64495839E-03
-2.66676004E-03
-2.68877274E-03
-2.72724552E-03
-2.71576423E-03
-2.65537041E-03
-2.55342832E-03
-2.59454537E-03
-2.68139289E-03
-2.70462394E-03
-2.75408406E-03
-2.73067725E-03
-2.76370223E-03
-2.71582267E-03
-2.56997415E-03
-2.64194766E-03
-2.56768990E-03
-2.49624686E-03
-2.45442265E-03
-2.50036138E-03
-2.53946667E-03
-2.48154440E-03
-2.48619753E-03
-2.43035156E-03
-2.36268819E-03
-2.31716013E-03
-2.32717189E-03
-2.43262609E-03
-2.46542015E-03
-2.53960210E-03
-2.59907848E-03
-2.57655866E-03
-2.45935318E-03
-2.37737643E-03
-2.46437417E-03
-2.33042447E-03
-2.41167959E-03
-2.45683080E-03
-2.49169576E-03
-2.56612778E-03
-2.54932105E-03
-2.53909763E-03
-2.43918005E-03
-2.38444878E-03
-2.36698138E-03
-2.31886743E-03
-2.27375168E-03
-2.26226207E-03
-2.19616456E-03
-2.23951353E-03
-2.14293960E-03
-2.12594630E-03
-2.15930272E-03
-2.24540115E-03
-2.23568344E-03
-2.40968182E-03
-2.51469968E-03
-2.56335351E-03
-2.52955978E-03
-2.52121624E-03
-2.48093565E-03
-2.46157779E-03
-2.47139001E-03
-2.33773235E-03
-2.39987995E-03
-2.38982052E-03
-2.40911702E-03
-2.39605909E-03
-2.30125879E-03
-2.36458144E-03
-2.51678428E-03
-2.33726898E-03
-2.32254475E-03
-2.36233689E-03
-2.36148007E-03
-2.34417290E-03
-2.31962780E-03
-2.23478313E-03
-2.29037302E-03
-2.19877332E-03
-2.24792834E-03
-2.23103393E-03
-2.35560283E-03
-2.36420289E-03
-2.53326368E-03
-2.49470956E-03
-2.47127781E-03
-2.46780186E-03
-2.52134142E-03
-2.50563167E-03
-2.49105717E-03
-2.42525816E-03
-2.49192897E-03
-2.48241509E-03
-2.35352950E-03
-2.38722269E-03
-2.35428178E-03
-2.36528402E-03
-2.45489810E-03
-2.45009813E-03
-2.41965616E-03
-2.39227133E-03
-2.42910105E-03
-2.32353022E-03
-2.37052095E-03
-2.40854481E-03
-2.50358868E-03
-2.51962322E-03
-2.46297398E-03
-2.48932279E-03
-2.55964177E-03
-2.61597254E-03
-2.69541787E-03
-2.72070682E-03
-2.77776118E-03
-2.66885896E-03
-2.69783433E-03
-2.67103038E-03
-2.63271350E-03
-2.65689357E-03
-2.70278864E-03
-2.65685549E-03
-2.59928191E-03
-2.58484045E-03
-2.61703764E-03
-2.72681152E-03
-2.70248475E-03
-2.73686309E-03
-2.70805195E-03
-2.76225937E-03
-2.88166899E-03
-2.86526964E-03
-3.02811228E-03
-2.92022032E-03
-2.88562534E-03
-2.96388261E-03
-2.99303407E-03
-2.99766475E-03
-2.95355544E-03
-2.99794963E-03
-3.05365784E-03
-3.09197257E-03
-3.18662950E-03
-3.12210408E-03
-3.19502436E-03
-3.12889884E-03
-3.14152089E-03
-3.23330189E-03
-3.13693061E-03
-3.06746416E-03
-3.04615875E-03
-3.06291505E-03
-3.07414432E-03
-3.08969062E-03
-3.08161178E-03
-3.12035820E-03
-3.25374091E-03
-3.14194306E-03
-3.07840496E-03
-2.99422677E-03
-2.99365242E-03
-2.99262674E-03
-3.10915718E-03
-3.16910927E-03
-3.14799535E-03
-3.17576338E-03
-3.09035184E-03
-2.95014823E-03
-2.88956012E-03
-2.90350233E-03
-2.89446476E-03
-2.71443141E-03
-2.69386825E-03
-2.55128425E-03
-2.53600056E-03
-2.54979627E-03
-2.63847731E-03
-2.64082178E-03
-2.65957260E-03
-2.67080735E-03
-2.74833439E-03
-2.74548497E-03
-2.64728292E-03
-2.56661079E-03
-2.54377698E-03
-2.41158923E-03
-2.49054335E-03
-2.48284153E-03
-2.57553073E-03
-2.65594512E-03
-2.65643756E-03
-2.81577527E-03
-2.92190894E-03
-2.82058169E-03
-2.87280639E-03
-2.83783845E-03
-2.90576267E-03
-2.81192597E-03
-2.87450482E-03
-2.81921212E-03
-2.75999144E-03
-2.68970332E-03
-2.63441488E-03
-2.54937656E-03
-2.50001996E-03
-2.53654599E-03
-2.33260808E-03
-2.27684512E-03
-2.26335514E-03
-2.23287396E-03
-2.21412788E-03
-2.17094909E-03
-2.23953326E-03
-2.37202428E-03
-2.34559042E-03
-2.34727233E-03
-2.34720105E-03
-2.28570049E-03
-2.13550464E-03
-2.04086338E-03
-2.07994838E-03
-2.11840942E-03
-2.00129628E-03
-1.91328161E-03
-1.99680419E-03
-1.96872099E-03
-1.90978280E-03
-1.91643594E-03
-1.92840580E-03
-1.96739209E-03
-2.01095877E-03
-2.06726202E-03
-2.14490047E-03
-2.04957289E-03
-2.02350646E-03
-2.08929831E-03
-1.99015861E-03
-1.88085992E-03
-1.77744744E-03
-1.79642967E-03
-1.76695872E-03
-1.61395827E-03
-1.79836694E-03
-1.82983680E-03
-1.76792659E-03
-1.77254104E-03
-1.68627597E-03
-1.76922333E-03
-1.73368158E-03
-1.71597836E-03
-1.69153400E-03
-1.58789444E-03
-1.45092625E-03
-1.51967246E-03
-1.46148101E-03
-1.52395506E-03
-1.65247355E-03
-1.73422283E-03
-1.78456506E-03
-1.83630231E-03
-1.87898974E-03
-1.99904704E-03
-2.02267653E-03
-1.98742902E-03
-1.97142180E-03
-1.90338059E-03
-1.92203273E-03
-1.80089643E-03
-1.75138188E-03
-1.69877143E-03
-1.70218469E-03
-1.49438317E-03
-1.52496111E-03
-1.64475882E-03
-1.61756909E-03
-1.66823422E-03
-1.73526857E-03
-1.77297664E-03
-1.83907249E-03
-1.75906821E-03
-1.73156852E-03
-1.72005337E-03
-1.73549120E-03
-1.64024569E-03
-1.69184471E-03
-1.77488974E-03
-1.65271666E-03
-1.57750234E-03
-1.50405272E-03
-1.36779994E-03
-1.34478311E-03
-1.32240101E-03
-1.34211426E-03
-1.41002554E-03
-1.58813548E-03
-1.49702974E-03
-1.53849500E-03
-1.48424194E-03
-1.45618277E-03
-1.42452918E-03
-1.45888148E-03
-1.30987266E-03
-1.22309031E-03
-1.24675531E-03
-1.13558895E-03
-1.01639930E-03
-1.16941718E-03
-1.09516298E-03
-9.88375795E-04
-9.82369396E-04
-9.66154386E-04
-1.09993778E-03
-1.11965062E-03
-1.12320957E-03
-9.94989759E-04
-1.02528879E-03
-1.10260094E-03
-1.17905469E-03
-1.18597831E-03
-1.21919262E-03
-1.31913265E-03
-1.31097363E-03
-1.34451855E-03
-1.36771782E-03
-1.32932402E-03
-1.36879912E-03
-1.15623711E-03
-1.30155178E-03
-1.36067825E-03
-1.37659690E-03
-1.38120103E-03
-1.24349972E-03
-1.19734204E-03
-1.12506954E-03
-1.19674751E-03
-1.18646944E-03
-1.33497314E-03
-1.36545683E-03
-1.37701049E-03
-1.34402278E-03
-1.33432268E-03
-1.32993428E-03
-1.44601395E-03
-1.44304667E-03
-1.48324240E-03
-1.58588417E-03
-1.64130055E-03
-1.63689657E-03
-1.63329488E-03
-1.51093251E-03
-1.66996949E-03
-1.59085198E-03
-1.63486076E-03
-1.63081349E-03
-1.62834485E-03
-1.51474135E-03
-1.60450115E-03
-1.58734935E-03
-1.67851994E-03
-1.74927238E-03
-1.71292225E-03
-1.71303264E-03
-1.56316534E-03
-1.56245651E-03
-1.55375671E-03
-1.49843814E-03
-1.51838859E-03
-1.53896672E-03
-1.59678934E-03
-1.63098415E-03
-1.68223474E-03
-1.70440893E-03
-1.59219259E-03
-1.60376498E-03
-1.65930232E-03
-1.67067081E-03
-1.58651583E-03
-1.54733762E-03
-1.46588918E-03
-1.49027927E-03
-1.47871823E-03
-1.47211695E-03
-1.44052790E-03
-1.41386546E-03
-1.25642005E-03
-1.26146368E-03
-1.29396023E-03
-1.34136333E-03
-1.27626203E-03
-1.23107289E-03
-1.17741285E-03
-1.19397085E-03
-1.22190199E-03
-1.12041723E-03
-1.09242654E-03
-1.10788492E-03
-9.71877899E-04
-9.25861253E-04
-9.03874101E-04
-1.04126276E-03
-1.04624402E-03
-1.07880823E-03
-1.15254034E-03
-1.06269193E-03
-1.17096695E-03
-1.17343909E-03
-1.23371600E-03
-1.22936274E-03
-1.21089898E-03
-1.20883422E-03
-1.21785089E-03
-1.17202577E-03
-1.21036812E-03
-1.21713029E-03
-1.30319532E-03
-1.36665307E-03
-1.48419445E-03
-1.33602417E-03
-1.26951714E-03
-1.25072571E-03
-1.29582130E-03
-1.35264530E-03
-1.23035798E-03
-1.19098766E-03
-1.23832290E-03
-1.19271588E-03
-1.20765343E-03
-1.12088737E-03
-1.17414773E-03
-1.22290199E-03
-1.22887018E-03
-1.24900282E-03
-1.28030718E-03
-1.39370412E-03
-1.52871626E-03
-1.62413559E-03
-1.77396111E-03
-1.67234269E-03
-1.69501649E-03
-1.78341726E-03
-1.77279190E-03
-1.79323024E-03
-1.66716882E-03
-1.58246121E-03
-1.63007953E-03
-1.58196726E-03
-1.65617109E-03
-1.71706700E-03
-1.65124063E-03
-1.61818261E-03
-1.66773871E-03
-1.53324209E-03
-1.49397564E-03
-1.55579485E-03
-1.66225573E-03
-1.76995916E-03
-1.70830121E-03
-1.54692012E-03
-1.51571020E-03
-1.53015907E-03
-1.42740998E-03
-1.41199218E-03
-1.42419945E-03
-1.44156918E-03
-1.49334071E-03
-1.48876276E-03
-1.48006056E-03
-1.58649166E-03
-1.62587325E-03
-1.60964398E-03
-1.52461046E-03
-1.52901402E-03
-1.50482426E-03
-1.63623551E-03
-1.78730124E-03
-1.78260796E-03
-1.74515287E-03
-1.72531083E-03
-1.75310779E-03
-1.77572544E-03
-1.79636941E-03
-1.80989519E-03
-1.87754374E-03
-1.89738769E-03
-1.82916237E-03
-1.87529413E-03
-1.79254356E-03
-1.84172932E-03
-1.92188814E-03
-2.01516889E-03
-1.78128013E-03
-1.79380667E-03
-1.78800680E-03
-1.78895206E-03
-1.70584022E-03
-1.77264571E-03
-1.82078917E-03
-1.80359695E-03
-1.93035398E-03
-1.89746922E-03
-1.91585434E-03
-1.93062151E-03
-1.97504046E-03
-2.01536759E-03
-1.99447460E-03
-1.95766963E-03
-2.04805427E-03
-1.99319456E-03
-2.10224551E-03
-2.02922930E-03
-1.98458511E-03
-1.89187267E-03
-1.98380413E-03
-1.97626239E-03
-2.00325884E-03
-1.91928670E-03
-1.99448656E-03
-1.99507043E-03
-1.94708523E-03
-2.01028103E-03
-2.06366636E-03
-1.97838144E-03
-1.95886444E-03
-1.93615099E-03
-1.88965846E-03
-2.00923307E-03
-2.03337530E-03
-2.00378687E-03
-1.93268748E-03
-1.91808047E-03
-2.04450820E-03
-1.92223473E-03
-2.05392520E-03
-2.07619926E-03
-2.05465309E-03
-2.11076950E-03
-2.14449537E-03
-2.24232152E-03
-2.27136229E-03
-2.30731369E-03
-2.36698575E-03
-2.37628458E-03
-2.38619003E-03
-2.34653288E-03
-2.31569673E-03
-2.26237890E-03
-2.29581712E-03
-2.31789000E-03
-2.53606823E-03
-2.60358327E-03
-2.60523551E-03
-2.67434635E-03
-2.59920505E-03
-2.48905795E-03
-2.55795923E-03
-2.57092364E-03
-2.65639615E-03
-2.82245611E-03
-2.77333818E-03
-2.66185002E-03
-2.54944697E-03
-2.60369071E-03
-2.57111410E-03
-2.76793499E-03
-2.85231375E-03
-2.70564316E-03
-2.68052623E-03
-2.66854399E-03
-2.65408152E-03
-2.63324259E-03
-2.59996981E-03
-2.64597149E-03
-2.62934918E-03
-2.58740956E-03
-2.61981636E-03
-2.55849455E-03
-2.61787943E-03
-2.56604712E-03
-2.69372710E-03
-2.73742162E-03
-2.73119536E-03
-2.76753407E-03
-2.78297805E-03
-2.65607739E-03
-2.61686505E-03
-2.53103522E-03
-2.50547973E-03
-2.49954866E-03
-2.44235005E-03
-2.38081944E-03
-2.30910217E-03
-2.28883027E-03
-2.27016321E-03
-2.29898370E-03
-2.44373824E-03
-2.58539486E-03
-2.56706067E-03
-2.52098630E-03
-2.44025611E-03
-2.46796934E-03
-2.43152661E-03
-2.47650010E-03
-2.51697644E-03
-2.49650536E-03
-2.49470131E-03
-2.45168724E-03
-2.50740028E-03
-2.49420913E-03
-2.47736892E-03
-2.64116124E-03
-2.49189893E-03
-2.48825420E-03
-2.48554540E-03
-2.49406613E-03
-2.40156090E-03
-2.41849663E-03
-2.40280283E-03
-2.43764185E-03
-2.42030776E-03
-2.28654799E-03
-2.16559732E-03
-2.20335260E-03
-2.16712121E-03
-2.19299176E-03
-2.17345733E-03
-2.10018679E-03
-2.17339131E-03
-2.22324798E-03
-2.30144047E-03
-2.24988682E-03
-2.32196908E-03
-2.32157264E-03
-2.23506001E-03
-2.17025492E-03
-2.08505867E-03
-2.00584782E-03
-1.91639690E-03
-1.89017080E-03
-1.80481145E-03
-1.81916665E-03
-1.77301919E-03
-1.81948443E-03
-1.87546858E-03
-2.04972039E-03
-2.11625292E-03
-2.06662013E-03
-2.06992155E-03
-1.94767936E-03
-1.78664706E-03
-1.81138616E-03
-1.78999753E-03
-1.78311871E-03
-1.84504374E-03
-1.86311078E-03
-1.84587797E-03
-1.86190980E-03
-1.98903633E-03
-1.98377946E-03
-2.10600304E-03
-2.13756086E-03
-2.06274137E-03
-2.05445543E-03
-1.99036947E-03
-1.94855827E-03
-1.95440096E-03
-1.84469931E-03
-1.69179581E-03
-1.74500151E-03
-1.85818091E-03
-1.74893606E-03
-1.56505801E-03
-1.60402951E-03
-1.55819030E-03
-1.57652552E-03
-1.76497338E-03
-1.79068957E-03
-1.96179635E-03
-1.95363749E-03
-1.85271016E-03
-1.87865322E-03
-1.88051104E-03
-1.85597350E-03
-1.75778044E-03
-1.75573946E-03
-1.67628021E-03
-1.72080222E-03
-1.72078588E-03
-1.79069751E-03
-1.71732489E-03
-1.65927625E-03
-1.62809542E-03
-1.52115349E-03
-1.60523023E-03
-1.70522227E-03
-1.82080930E-03
-1.76560262E-03
-1.78109742E-03
-1.67912285E-03
-1.63615089E-03
-1.67275758E-03
-1.72005981E-03
-1.87618723E-03
-1.88346968E-03
-1.96373158E-03
-1.95276487E-03
-2.02575643E-03
-2.10573067E-03
-2.16652278E-03
-2.22378739E-03
-2.24358371E-03
-2.24678378E-03
-2.26296849E-03
-2.20795526E-03
-2.29579738E-03
-2.31181539E-03
-2.32614431E-03
-2.39096172E-03
-2.47858115E-03
-2.58396204E-03
-2.60588163E-03
-2.64665480E-03
-2.56888695E-03
-2.43689756E-03
-2.53184865E-03
-2.50043765E-03
-2.46318878E-03
-2.40493154E-03
-2.42668934E-03
-2.39762787E-03
-2.47799077E-03
-2.58696164E-03
-2.39848027E-03
-2.45985232E-03
-2.42669838E-03
-2.42380192E-03
-2.49382510E-03
-2.59218141E-03
-2.58652055E-03
-2.65421018E-03
-2.52421719E-03
-2.54950544E-03
-2.54546286E-03
-2.67660028E-03
-2.74238966E-03
-2.90078566E-03
-3.04211352E-03
-2.97298637E-03
-2.99134838E-03
-3.11046304E-03
-3.03956797E-03
-3.04107878E-03
-3.17988540E-03
-3.27185372E-03
-3.21668290E-03
-3.10066862E-03
-3.14429945E-03
-3.05008576E-03
-3.03996328E-03
-3.06419079E-03
-3.03956861E-03
-2.81246523E-03
-2.83377064E-03
-2.79811271E-03
-2.87582126E-03
-2.79130823E-03
-2.90995276E-03
-2.85857708E-03
-2.72665051E-03
-2.69035301E-03
-2.69837034E-03
-2.83574835E-03
-2.72755968E-03
-2.78189796E-03
-2.83787740E-03
-2.84820002E-03
-2.97234110E-03
-3.01164303E-03
-3.00922719E-03
-3.03321420E-03
-2.99190560E-03
-2.94764407E-03
-2.84000112E-03
-2.93074111E-03
-3.06804007E-03
-3.05985260E-03
-3.01017447E-03
-3.14271696E-03
-3.08824090E-03
-3.11640892E-03
-3.19636420E-03
-3.18610647E-03
-3.12119745E-03
-3.17981020E-03
-3.19649033E-03
-3.17586320E-03
-3.07291810E-03
-3.00119733E-03
-2.99379490E-03
-2.89877508E-03
-2.88397250E-03
-2.89225169E-03
-2.94253565E-03
-2.92262013E-03
-3.02942489E-03
-2.97612725E-03
-3.01693045E-03
-3.08754881E-03
-3.09093806E-03
-3.00624515E-03
-3.09580083E-03
-3.09092855E-03
-3.08571263E-03
-3.18660343E-03
-3.18929696E-03
-3.19412276E-03
-3.13957847E-03
-3.16781995E-03
-3.09257943E-03
-3.18178872E-03
-3.25720261E-03
-3.39441045E-03
-3.39711211E-03
-3.51570472E-03
-3.59075814E-03
-3.63496509E-03
-3.74850815E-03
-3.70344514E-03
-3.72117132E-03
-3.80111881E-03
-3.82242423E-03
-3.81173715E-03
-3.82001137E-03
-3.92778117E-03
-3.94292259E-03
-3.90657104E-03
-3.91088136E-03
-3.85771489E-03
-3.80901629E-03
-3.78560455E-03
-3.68412652E-03
-3.71751088E-03
-3.72584710E-03
-3.63823299E-03
-3.66845733E-03
-3.58979802E-03
-3.65065267E-03
-3.72770117E-03
-3.69480522E-03
-3.64515658E-03
-3.70246533E-03
-3.57965684E-03
-3.45842490E-03
-3.33699331E-03
-3.33187850E-03
-3.15680742E-03
-3.10660581E-03
-3.02248524E-03
-2.96805999E-03
-2.99267659E-03
-2.97711937E-03
-2.81665654E-03
-2.80987189E-03
-2.74602136E-03
-2.74104680E-03
-2.75113761E-03
-2.75782991E-03
-2.75712395E-03
-2.70393950E-03
-2.64443792E-03
-2.54542196E-03
-2.52018077E-03
-2.34745394E-03
-2.34999887E-03
-2.33808532E-03
-2.22788063E-03
-2.20642200E-03
-2.16786033E-03
-2.22462287E-03
-2.18024647E-03
-2.11810356E-03
-2.13727563E-03
-2.24805169E-03
-2.25865404E-03
-2.19666187E-03
-2.12748400E-03
-2.20343826E-03
-2.32720045E-03
-2.31020273E-03
-2.29139064E-03
-2.29552994E-03
-2.27309331E-03
-2.29895860E-03
-2.27664578E-03
-2.21390176E-03
-2.13842412E-03
-2.06555890E-03
-2.14355697E-03
-2.02809595E-03
-2.02545250E-03
-2.08951636E-03
-2.08843860E-03
-2.07852883E-03
-2.09012473E-03
-2.08532508E-03
-2.06791257E-03
-2.00775313E-03
-1.96291653E-03
-2.05731830E-03
-2.18061417E-03
-2.09010908E-03
-2.02166979E-03
-2.09827858E-03
-2.01379328E-03
-1.95177819E-03
-2.00063655E-03
-2.03867848E-03
-1.95126181E-03
-1.87545509E-03
-1.79860050E-03
-1.95848280E-03
-1.83502043E-03
-1.92434292E-03
-1.93247278E-03
-1.88460344E-03
-1.94777785E-03
-1.96080484E-03
-2.04943662E-03
-1.96794123E-03
-2.05320282E-03
-2.03382854E-03
-1.99530444E-03
-1.98473228E-03
-2.00823096E-03
-2.08184531E-03
-2.03699113E-03
-2.12074583E-03
-2.12903690E-03
-2.08399828E-03
-2.18100331E-03
-2.08314252E-03
-2.01116665E-03
-1.98015362E-03
-1.95478468E-03
-1.98339847E-03
-2.03700242E-03
-2.02309549E-03
-1.98902352E-03
-1.98277956E-03
-1.98724436E-03
-1.94712200E-03
-1.89933021E-03
-1.85094077E-03
-1.96742381E-03
-1.89563004E-03
-1.84367885E-03
-1.91067850E-03
-1.81708236E-03
-1.66578066E-03
-1.70273017E-03
-1.62162570E-03
-1.60276359E-03
-1.55657545E-03
-1.52347368E-03
-1.44088852E-03
-1.41784788E-03
-1.44497602E-03
-1.49582101E-03
-1.40056293E-03
-1.39670691E-03
-1.34642847E-03
-1.32412685E-03
-1.18518865E-03
-1.21459331E-03
-1.24926832E-03
-1.23311752E-03
-1.27782047E-03
-1.22582785E-03
-1.33314735E-03
-1.33968815E-03
-1.36344781E-03
-1.52892734E-03
-1.42984725E-03
-1.40953728E-03
-1.46401015E-03
-1.45988668E-03
-1.37633799E-03
-1.49681733E-03
-1.32968910E-03
-1.15912075E-03
-1.25847250E-03
-1.28645418E-03
-1.13818893E-03
-1.19237787E-03
-1.10759802E-03
-9.82868384E-04
-9.69408263E-04
-8.37653930E-04
-8.44138076E-04
-8.19567786E-04
-8.92850193E-04
-8.54625801E-04
-7.12960822E-04
-8.02884105E-04
-7.88409232E-04
-6.90207725E-04
-6.41246805E-04
-6.46085516E-04
-6.65694784E-04
-6.59935701E-04
-6.20496102E-04
-6.02970546E-04
-5.48064526E-04
-4.16980957E-04
-5.03494121E-04
-4.65362568E-04
-4.65597101E-04
-3.91774345E-04
-3.50548661E-04
-3.49605724E-04
-3.56647724E-04
-3.40559101E-04
-1.62258383E-04
-9.80790106E-05
-8.14373285E-05
-4.99551078E-06
1.26562878E-04
-3.56502579E-05
-6.06484675E-05
-1.33989420E-04
-2.21470492E-04
-3.39928346E-04
-4.65038853E-04
-4.01010195E-04
-4.31253242E-04
-6.15317713E-04
-6.01235275E-04
-5.84866191E-04
-5.54579307E-04
-5.16092974E-04
-5.69636004E-04
-5.33535350E-04
-4.64338424E-04
-4.18807690E-04
-4.40970088E-04
-4.92496810E-04
-4.90451028E-04
-5.40168097E-04
-6.58811820E-04
-6.68768594E-04
-7.23266267E-04
-6.94406835E-04
-5.93099803E-04
-5.68398184E-04
-4.41586595E-04
-5.54132298E-04
-6.07988713E-04
-6.91477008E-04
-7.57140006E-04
-7.75056051E-04
-7.90327027E-04
-6.65830176E-04
-6.42233788E-04
-7.37230695E-04
-7.70871514E-04
-8.13227470E-04
-7.47690429E-04
-7.68795464E-04
-7.56299472E-04
-6.42471308E-04
-7.35029181E-04
-7.41027013E-04
-7.83371602E-04
-7.55096311E-04
-6.71446462E-04
-6.08886196E-04
-6.12467696E-04
-5.07140697E-04
-4.23454409E-04
-2.96170948E-04
-2.40856239E-04
-1.54931912E-04
-1.30871469E-04
-1.70733886E-04
-2.67477423E-06
-5.46149510E-05
-1.71829209E-04
-1.53356007E-04
-1.85970659E-04
-2.09232155E-04
-1.77425322E-04
2.46930600E-05
5.95875697E-05
1.19011509E-04
5.52366075E-05
5.94920141E-05
1.03997682E-04
2.38141927E-04
2.62552002E-04
2.30132183E-04
2.09332107E-04
1.78788877E-04
2.44935809E-04
9.18307499E-05
8.42098840E-06
-1.51786352E-05
2.85641830E-05
-1.11557978E-04
-1.08751212E-04
-1.87408464E-04
-2.81421994E-04
-3.23205805E-04
-3.00253311E-04
-2.38318925E-04
-2.25782472E-04
-3.12043103E-04
-4.52755734E-04
-4.07024503E-04
-4.13298014E-04
-5.16943246E-04
-4.32566106E-04
-3.96690294E-04
-4.35725539E-04
-4.43102985E-04
-5.54806868E-04
-5.09598748E-04
-5.35511006E-04
-5.74693558E-04
-6.10122998E-04
-5.41593830E-04
-5.11759293E-04
-6.11545488E-04
-5.85117536E-04
-6.36855226E-04
-5.64642678E-04
-6.98178655E-04
-7.18643430E-04
-7.73975337E-04
-6.87378832E-04
-5.77442250E-04
-6.69300929E-04
-6.04053109E-04
-5.37860947E-04
-6.64759522E-04
-6.59739617E-04
-7.58394542E-04
-8.70846044E-04
-1.03132693E-03
-1.02695300E-03
-1.02779018E-03
-1.07257039E-03
-1.10449941E-03
-1.16072434E-03
-1.13650200E-03
-1.19179228E-03
-1.24943796E-03
-1.25298871E-03
-1.16093625E-03
-1.21360832E-03
-1.17430695E-03
-9.86838665E-04
-1.03103802E-03
-8.87204240E-04
-8.47950157E-04
-8.55367470E-04
-8.81551274E-04
-8.86908034E-04
-9.53829310E-04
-9.29496165E-04
-9.76687866E-04
-9.56596320E-04
-9.12962765E-04
-9.61564884E-04
-8.99560341E-04
-1.06884637E-03
-1.09294579E-03
-1.05766695E-03
-1.10098907E-03
-1.04038279E-03
-1.00807424E-03
-9.64358765E-04
-1.04728898E-03
-1.05580102E-03
-1.01070912E-03
-1.03645941E-03
-9.64584788E-04
-8.88556380E-04
-8.67389034E-04
-9.46528943E-04
-9.82223753E-04
-1.02997851E-03
-9.49359745E-04
-7.14270363E-04
-7.83911213E-04
-9.04293076E-04
-9.83400697E-04
-9.97525171E-04
-1.06431918E-03
-1.09315292E-03
-1.07975741E-03
-1.32420309E-03
-1.42093207E-03
-1.25856927E-03
-1.30364552E-03
-1.29869446E-03
-1.36983564E-03
-1.39855564E-03
-1.32421514E-03
-1.39223877E-03
-1.39141949E-03
-1.38033675E-03
-1.31414007E-03
-1.36776141E-03
-1.35061114E-03
-1.22966174E-03
-1.22997568E-03
-1.42148394E-03
-1.56025017E-03
-1.58143601E-03
-1.49165899E-03
-1.35522902E-03
-1.28668356E-03
-1.34836704E-03
-1.30966913E-03
-1.30263778E-03
-1.11335470E-03
-1.16529589E-03
-1.27073251E-03
-1.30706229E-03
-1.35768170E-03
-1.42406344E-03
-1.48520103E-03
-1.49295248E-03
-1.55425158E-03
-1.41849737E-03
-1.43903282E-03
-1.48277593E-03
-1.51224354E-03
-1.53042330E-03
-1.52283490E-03
-1.49318537E-03
-1.36200775E-03
-1.43554766E-03
-1.55196214E-03
-1.55807919E-03
-1.53541654E-03
-1.66819134E-03
-1.63892663E-03
-1.64708164E-03
-1.62298387E-03
-1.78663594E-03
-1.83369766E-03
-1.83376312E-03
-1.77690008E-03
-1.69801563E-03
-1.68556154E-03
-1.61407492E-03
-1.62026282E-03
-1.61271111E-03
-1.55666081E-03
-1.43429996E-03
-1.44780131E-03
-1.41080294E-03
-1.39767532E-03
-1.41524035E-03
-1.39264887E-03
-1.27254892E-03
-1.24693319E-03
-1.35786938E-03
-1.37222581E-03
-1.22487934E-03
-1.30902013E-03
-1.23445419E-03
-1.34075008E-03
-1.24355736E-03
-1.37929051E-03
-1.39555410E-03
-1.39618316E-03
-1.48253358E-03
-1.50085628E-03
-1.55812334E-03
-1.62029164E-03
-1.54113280E-03
-1.54356995E-03
-1.54585554E-03
-1.54011945E-03
-1.42254157E-03
-1.57027452E-03
-1.56736185E-03
-1.51057280E-03
-1.48470785E-03
-1.38286943E-03
-1.41812074E-03
-1.34058485E-03
-1.21061740E-03
-1.25571937E-03
-1.23809168E-03
-1.30744253E-03
-1.17943447E-03
-1.12786490E-03
-1.12106577E-03
-1.14158403E-03
-1.11905888E-03
-1.12865314E-03
-1.11328718E-03
-1.07643734E-03
-1.04633085E-03
-1.06431795E-03
-9.72655721E-04
-1.00771149E-03
-1.02021668E-03
-1.03258039E-03
-1.09357495E-03
-1.00980028E-03
-9.61115909E-04
-9.06335684E-04
-9.13589514E-04
-1.02412298E-03
-1.07599901E-03
-1.08191218E-03
-1.19373555E-03
-1.15681425E-03
-1.21449966E-03
-1.25849293E-03
-1.16360323E-03
-1.13585867E-03
-1.18596927E-03
-1.38425209E-03
-1.42904496E-03
-1.44114903E-03
-1.47882741E-03
-1.47451492E-03
-1.45371008E-03
-1.40166437E-03
-1.44030725E-03
-1.43417886E-03
-1.45252295E-03
-1.46432768E-03
-1.48014224E-03
-1.57348318E-03
-1.59964808E-03
-1.48168120E-03
-1.50400973E-03
-1.40494479E-03
-1.43076442E-03
-1.48392241E-03
-1.52074808E-03
-1.51172075E-03
-1.51031203E-03
-1.60879146E-03
-1.65714902E-03
-1.74825712E-03
-1.66927620E-03
-1.61586989E-03
-1.64844132E-03
-1.61647885E-03
-1.66734615E-03
-1.57676190E-03
-1.77251627E-03
-1.72428678E-03
-1.80012279E-03
-1.80854733E-03
-1.79465742E-03
-1.83461900E-03
-1.77001980E-03
-1.71256715E-03
-1.69608315E-03
-1.69821661E-03
-1.69363132E-03
-1.63061691E-03
-1.65110160E-03
-1.65790339E-03
-1.64371092E-03
-1.60706238E-03
-1.56819790E-03
-1.67533072E-03
-1.65885516E-03
-1.64144884E-03
-1.57654844E-03
-1.42612187E-03
-1.33836721E-03
-1.51766981E-03
-1.38044904E-03
-1.37913538E-03
-1.46372397E-03
-1.37139532E-03
-1.22836016E-03
-1.23422455E-03
-1.18712823E-03
-1.07944054E-03
-1.05270937E-03
-1.10741149E-03
-1.10701779E-03
-1.22540083E-03
-1.33243974E-03
-1.41356876E-03
-1.46819540E-03
-1.46038080E-03
-1.53256034E-03
-1.51887972E-03
-1.52424925E-03
-1.51010595E-03
-1.56460059E-03
-1.62243177E-03
-1.57023717E-03
-1.67035910E-03
-1.66538443E-03
-1.68800067E-03
-1.68456319E-03
-1.77772808E-03
-1.76931575E-03
-1.76259055E-03
-1.86971551E-03
-1.70801346E-03
-1.74040825E-03
-1.76586602E-03
-1.78014423E-03
-1.83599288E-03
-1.76091019E-03
-1.78597783E-03
-1.85802431E-03
-1.77608875E-03
-1.80207658E-03
-1.72521146E-03
-1.76719089E-03
-1.80881871E-03
-1.92103133E-03
-1.95939044E-03
-1.90681636E-03
-1.93002069E-03
-1.88377197E-03
-1.86858910E-03
-1.84327805E-03
-1.84232987E-03
-1.76718798E-03
-1.79435330E-03
-1.80467304E-03
-1.85117081E-03
-1.80821980E-03
-1.86127431E-03
-1.70124558E-03
-1.52702089E-03
-1.48568486E-03
-1.66046472E-03
-1.62524637E-03
-1.70850086E-03
-1.55862028E-03
-1.58378734E-03
-1.58137945E-03
-1.52582744E-03
-1.53387181E-03
-1.49159266E-03
-1.38266369E-03
-1.38990140E-03
-1.36924515E-03
-1.44675871E-03
-1.48068282E-03
-1.57386383E-03
-1.47883572E-03
-1.50851766E-03
-1.49166148E-03
-1.62973885E-03
-1.62097409E-03
-1.68839455E-03
-1.63563833E-03
-1.57113814E-03
-1.53584625E-03
-1.45974864E-03
-1.48899523E-03
-1.38409700E-03
-1.44010273E-03
-1.31730799E-03
-1.25386872E-03
-1.34938036E-03
-1.35141619E-03
-1.43396899E-03
-1.40394230E-03
-1.39737159E-03
-1.44507028E-03
-1.43097216E-03
-1.53067734E-03
-1.48545376E-03
-1.36757869E-03
-1.33281503E-03
-1.25847094E-03
-1.29630797E-03
-1.22992367E-03
-1.32485590E-03
-1.20188616E-03
-1.21784733E-03
-1.29792544E-03
-1.28241747E-03
-1.24913634E-03
-1.24091770E-03
-1.08614754E-03
-1.02715187E-03
-1.10210515E-03
-1.08044939E-03
-1.09111173E-03
-1.15477088E-03
-1.02506972E-03
-1.04195759E-03
-9.69300992E-04
-1.06797354E-03
-1.07307236E-03
-1.00221593E-03
-1.12144023E-03
-1.15023924E-03
-1.23052781E-03
-1.30972442E-03
-1.22017846E-03
-1.10931261E-03
-1.08082366E-03
-1.04540976E-03
-1.04913086E-03
-9.83545579E-04
-9.99283868E-04
-9.29305010E-04
-9.91160966E-04
-9.95708879E-04
-9.58582920E-04
-9.26319065E-04
-1.05400927E-03
-1.06244964E-03
-1.17390586E-03
-1.16424660E-03
-1.23718340E-03
-1.27141611E-03
-1.37716410E-03
-1.43842620E-03
-1.52300200E-03
-1.46732071E-03
-1.48019072E-03
-1.52870701E-03
-1.46299990E-03
-1.56156626E-03
-1.57826426E-03
-1.59621815E-03
-1.65565392E-03
-1.65034630E-03
-1.61717822E-03
-1.53570804E-03
-1.44700838E-03
-1.48927284E-03
-1.41462733E-03
-1.39580169E-03
-1.34385448E-03
-1.24432951E-03
-1.06118400E-03
-1.06344780E-03
-1.12688629E-03
-1.06072046E-03
-1.07705841E-03
-1.05698625E-03
-9.84214387E-04
-8.91052141E-04
-7.68016674E-04
-7.06063402E-04
-7.05355870E-04
-7.53591770E-04
-7.24211437E-04
-7.09221838E-04
-7.55910675E-04
-6.84756768E-04
-6.38205725E-04
-5.29753751E-04
-4.29401550E-04
-4.06571162E-04
-4.36919831E-04
-3.66696067E-04
-4.31770023E-04
-2.71502529E-04
-3.00356971E-04
-2.04083809E-04
-2.20523075E-04
-2.57695600E-04
-2.94844229E-04
-2.70985649E-04
-2.73766911E-04
-3.30097743E-04
-2.66579257E-04
-1.98955504E-04
-1.71992841E-04
-1.84115105E-04
-8.74288569E-05
7.19291784E-06
1.24434181E-05
7.32071361E-05
5.44435742E-05
1.63397385E-05
-1.17630400E-05
-1.64584616E-05
-4.90643022E-05
-6.08605833E-05
-1.33950417E-04
-9.90298441E-05
-5.06711546E-05
-5.50792804E-05
-1.30104205E-04
2.59674669E-05
4.56272036E-05
3.08052510E-05
2.50409293E-05
7.41436028E-06
-3.70109193E-05
-7.27852939E-05
-1.40238543E-04
-5.00741399E-05
-1.05369133E-04
-2.57596251E-06
1.31526252E-04
1.16470438E-04
2.17817042E-04
1.40813149E-04
1.58111481E-04
1.81334908E-04
1.68058587E-04
9.89834146E-05
2.63644715E-04
2.26274399E-04
2.35581937E-04
1.44712608E-04
8.58908277E-05
1.68646495E-04
2.71606749E-04
2.38435409E-04
1.77684106E-04
2.48976572E-04
2.76171859E-04
1.90268834E-04
1.09261017E-04
1.22168266E-04
1.83217453E-04
1.94311532E-04
1.67899438E-04
2.05729591E-04
1.27265350E-04
3.72015743E-05
1.24820812E-04
2.35821201E-04
1.80314087E-04
2.27322253E-04
2.62514120E-04
3.18923840E-04
2.97564909E-04
2.18253173E-04
2.00902985E-04
1.60047965E-04
7.35844252E-05
3.43507442E-05
2.01714884E-06
-6.42432109E-05
5.19900797E-05
1.19613942E-04
2.00673062E-04
2.93855015E-04
2.57564368E-04
3.30983247E-04
3.61242439E-04
3.73185783E-04
3.54757082E-04
3.49475980E-04
3.24061964E-04
2.79435993E-04
3.46743971E-04
3.31747925E-04
3.38593430E-04
3.37816305E-04
3.05936252E-04
3.74616487E-04
4.21807450E-04
5.27013377E-04
5.52744843E-04
5.48348533E-04
5.54191343E-04
4.93645218E-04
4.80681578E-04
5.18740391E-04
4.86441852E-04
5.07133476E-04
4.57360866E-04
4.13028992E-04
3.22962707E-04
3.13575100E-04
2.44267097E-04
1.62903296E-04
7.34475798E-05
9.71402414E-05
2.11374375E-05
4.20374958E-05
1.52014279E-04
7.70120621E-05
9.29832251E-05
9.06213358E-05
9.26538865E-05
6.39957727E-05
-1.54527777E-05
1.07563956E-04
1.54799715E-04
1.79469198E-04
2.14082676E-04
3.14354394E-04
9.96898435E-05
1.43413836E-04
2.83707891E-04
2.23637008E-04
2.32579938E-04
2.25875064E-04
3.22828348E-04
2.58431592E-04
2.76376805E-04
2.44663983E-04
3.73112557E-04
4.15252350E-04
4.17402750E-04
4.36978334E-04
4.42957731E-04
3.77393184E-04
4.03481289E-04
3.44349341E-04
3.00674559E-04
2.42844674E-04
3.07728022E-04
2.61142468E-04
2.67193958E-04
1.62812487E-04
1.64084857E-04
6.94730654E-05
-2.90444638E-05
3.53849355E-05
1.05288788E-04
2.36320150E-04
3.06968300E-04
3.11289559E-04
2.89901724E-04
2.65146104E-04
1.49399345E-04
2.40066414E-04
1.20237099E-04
8.09213609E-05
2.59337134E-05
2.84523340E-05
-9.27346654E-05
-1.68733697E-04
-2.11236986E-04
-2.94939592E-04
-3.11390860E-04
-3.85437410E-04
-3.06713858E-04
-2.16161866E-04
-1.17892783E-04
-7.61019695E-05
-1.22693177E-04
-7.49540891E-05
-7.67449127E-05
-1.71502080E-05
-5.38535080E-05
2.30989691E-05
-9.25618508E-05
-1.90213288E-04
-2.63716309E-04
-2.24629080E-04
-2.72071116E-04
-2.53624277E-04
-1.62438721E-04
-1.85030149E-04
-3.39561623E-04
-4.47035218E-04
-3.93092924E-04
-4.61161987E-04
-3.87122082E-04
-4.68710068E-04
-5.48256294E-04
-5.06715862E-04
-4.82029690E-04
-5.28975581E-04
-5.30296493E-04
-4.65712287E-04
-5.39970642E-04
-5.05875726E-04
-4.34396845E-04
-4.62576747E-04
-4.86455323E-04
-5.31746067E-04
-6.38795718E-04
-5.64817671E-04
-5.49373998E-04
-4.34749404E-04
-4.37852834E-04
-5.18418163E-04
-4.27110138E-04
-4.78339012E-04
-2.64735044E-04
-2.65998435E-04
-3.01918699E-04
-2.22508208E-04
-1.18640506E-04
-1.77683701E-04
-1.50446990E-04
-1.21165823E-04
-1.35301113E-04
-7.19251056E-05
-9.69369931E-05
-4.98525569E-05
1.00263416E-04
3.72639289E-05
-3.45999669E-05
9.97960692E-05
2.34633298E-04
3.46510067E-04
2.50752831E-04
2.83210653E-04
2.24807407E-04
8.81325870E-05
1.93414054E-04
2.12875772E-04
2.34016239E-04
1.13644212E-04
4.30439627E-05
-3.36554870E-05
-1.76641327E-04
-6.18173372E-05
-1.75891564E-04
-1.36834957E-04
-6.19783197E-05
3.51199326E-05
3.15823711E-07
6.34812859E-05
-7.06108119E-05
-8.37568624E-05
-1.21701936E-04
-1.32311108E-04
-1.37158235E-04
-1.95169329E-04
-1.27454331E-04
-1.08197940E-04
-1.95951593E-04
-2.42212525E-04
-3.40980011E-04
-2.92985814E-04
-2.51746604E-04
-2.91595116E-04
-3.05742799E-04
-3.09233927E-04
-2.71698940E-04
-1.89784174E-04
-2.12344743E-04
-2.34651830E-04
-2.88683377E-04
-3.18438545E-04
-2.73475443E-04
-2.26121690E-04
-2.19454473E-04
-1.50017800E-04
-2.41966782E-04
-2.61108137E-04
-2.84236212E-04
-3.29939480E-04
-3.21929705E-04
-3.43391075E-04
-2.17799650E-04
-2.25063734E-04
-1.59991391E-04
3.61836201E-05
-5.98861416E-05
3.88596575E-06
-4.17996250E-05
-3.08902299E-05
1.30830785E-04
1.92552635E-04
2.06751474E-04
1.62524670E-04
1.61008096E-04
1.02155340E-04
7.57002312E-05
8.05124129E-05
2.23941711E-04
2.97385209E-04
1.95387760E-04
2.25861981E-04
3.56432288E-04
2.69489869E-04
2.52397626E-04
2.50042801E-04
2.69796020E-04
3.91582499E-04
4.07441059E-04
3.73344059E-04
3.75293842E-04
3.65812753E-04
6.04343116E-04
5.88370040E-04
5.88871798E-04
6.22607291E-04
7.19493106E-04
7.33122553E-04
7.84075198E-04
7.01547100E-04
6.91276800E-04
7.07420287E-04
6.26513214E-04
6.91684071E-04
7.23411971E-04
7.55688892E-04
6.99979414E-04
6.74279217E-04
7.03008911E-04
7.38105709E-04
7.63221174E-04
8.19130950E-04
9.88818527E-04
1.15295943E-03
1.13214636E-03
1.22349545E-03
1.39520522E-03
1.32981141E-03
1.24821320E-03
1.32830982E-03
1.35608931E-03
1.44727043E-03
1.48812046E-03
1.53920101E-03
1.60572340E-03
1.63566262E-03
1.71010540E-03
1.78019317E-03
1.70624244E-03
1.72009281E-03
1.64544458E-03
1.75558637E-03
1.71165176E-03
1.67859907E-03
1.67127918E-03
1.64541873E-03
1.70201399E-03
1.88358027E-03
1.81742093E-03
1.94541312E-03
1.91024713E-03
1.93815930E-03
1.90533298E-03
1.80764450E-03
1.87369922E-03
1.92700763E-03
1.86290478E-03
1.91877029E-03
1.88326142E-03
1.96379667E-03
1.89185976E-03
1.92935025E-03
1.89099736E-03
1.97730618E-03
2.08642571E-03
2.16621931E-03
2.08107466E-03
2.11004814E-03
1.92922502E-03
1.99111168E-03
1.95119749E-03
1.83121434E-03
1.77304534E-03
1.70544634E-03
1.70429167E-03
1.75712872E-03
1.83050616E-03
1.82851225E-03
1.69321118E-03
1.73959527E-03
1.81291539E-03
1.85713986E-03
1.84537511E-03
1.76007700E-03
1.80666374E-03
1.78919444E-03
1.80286744E-03
1.72538396E-03
1.66384498E-03
1.74691851E-03
1.71256412E-03
1.78660092E-03
1.83881482E-03
1.84585197E-03
1.82739345E-03
1.89785009E-03
1.94896658E-03
1.80026275E-03
1.77030819E-03
1.74595547E-03
1.80568513E-03
1.72241760E-03
1.68427551E-03
1.72851227E-03
1.66617736E-03
1.58833117E-03
1.58356068E-03
1.57025929E-03
1.71373231E-03
1.68866883E-03
1.59254828E-03
1.61687229E-03
1.68707843E-03
1.71666225E-03
1.68756998E-03
1.70130019E-03
1.71358143E-03
1.74484383E-03
1.72064432E-03
1.86965887E-03
1.85573452E-03
1.92210543E-03
1.96454912E-03
2.05725461E-03
2.03468722E-03
2.01555202E-03
2.07081723E-03
1.94068253E-03
1.97170122E-03
2.00644140E-03
2.04994069E-03
2.02871210E-03
2.07609525E-03
2.08905416E-03
2.15294972E-03
2.19772654E-03
2.21411404E-03
2.17500560E-03
2.19513018E-03
2.48413066E-03
2.38394140E-03
2.44567381E-03
2.42576890E-03
2.49067630E-03
2.46265662E-03
2.49284380E-03
2.42803397E-03
2.46704745E-03
2.55184809E-03
2.71001915E-03
2.74855948E-03
2.65317658E-03
2.73574273E-03
2.67509441E-03
2.67409769E-03
2.75823905E-03
2.78311310E-03
2.80046927E-03
2.67817446E-03
2.65212732E-03
2.73618934E-03
2.77378346E-03
2.66718090E-03
2.63589970E-03
2.79996859E-03
2.73633927E-03
2.80738319E-03
2.71165980E-03
2.79236367E-03
2.79853825E-03
2.82998041E-03
2.87603584E-03
2.82478828E-03
2.72750144E-03
2.69184574E-03
2.65817226E-03
2.52004494E-03
2.54829868E-03
2.48532793E-03
2.53530365E-03
2.47659013E-03
2.36153363E-03
2.37202896E-03
2.34712500E-03
2.41437241E-03
2.34668756E-03
2.23940748E-03
2.25381835E-03
2.21320552E-03
2.26592511E-03
2.25287976E-03
2.33819949E-03
2.31714025E-03
2.42298580E-03
2.25945792E-03
2.23530758E-03
2.31399316E-03
2.26649653E-03
2.50023370E-03
2.58672070E-03
2.59488798E-03
2.64514304E-03
2.63353600E-03
2.63559964E-03
2.63544952E-03
2.60077642E-03
2.69098918E-03
2.68249163E-03
2.63843919E-03
2.59897976E-03
2.52871665E-03
2.60430243E-03
2.58466878E-03
2.63386281E-03
2.54193212E-03
2.60365258E-03
2.64088695E-03
2.69650046E-03
2.65462269E-03
2.70483567E-03
2.82055770E-03
2.76935609E-03
2.77347296E-03
2.79839101E-03
2.83235635E-03
2.82975043E-03
2.83021160E-03
2.80738561E-03
2.77284606E-03
2.70086330E-03
2.76638664E-03
2.79809769E-03
2.77507753E-03
2.89995731E-03
2.88083694E-03
2.87771136E-03
2.88457758E-03
2.95542264E-03
2.94027814E-03
2.97258890E-03
2.98946440E-03
2.94463403E-03
3.00414013E-03
3.07868829E-03
3.17202279E-03
3.12639082E-03
3.13755600E-03
2.96952778E-03
3.05325031E-03
3.00259213E-03
2.92633145E-03
3.05811829E-03
3.17280344E-03
3.27244729E-03
3.34862837E-03
3.28421645E-03
3.18658241E-03
3.25404445E-03
3.34435086E-03
3.28629489E-03
3.32708218E-03
3.37558374E-03
3.37598325E-03
3.28534453E-03
3.28117818E-03
3.18870473E-03
3.23722724E-03
3.28863304E-03
3.28039836E-03
3.21868860E-03
3.20386918E-03
3.26883863E-03
3.27423174E-03
3.31612673E-03
3.28442036E-03
3.30100291E-03
3.27293118E-03
3.27285290E-03
3.40127705E-03
3.44611562E-03
3.53376574E-03
3.47388730E-03
3.57295966E-03
3.59150933E-03
3.54780885E-03
3.47726058E-03
3.48273015E-03
3.55345904E-03
3.50657254E-03
3.58860191E-03
3.57608157E-03
3.52767480E-03
3.67501719E-03
3.54346923E-03
3.40972545E-03
3.42041922E-03
3.53328636E-03
3.63655348E-03
3.55914098E-03
3.46276142E-03
3.40133774E-03
3.43606156E-03
3.46023051E-03
3.34472733E-03
3.37040587E-03
3.47145964E-03
3.43875387E-03
3.50052405E-03
3.43179591E-03
3.31793292E-03
3.36405520E-03
3.39358879E-03
3.29569177E-03
3.31682335E-03
3.18934685E-03
3.14236000E-03
3.09319763E-03
2.97942320E-03
2.72723116E-03
2.87784738E-03
2.98335706E-03
2.93044755E-03
2.92395193E-03
2.97191920E-03
3.04807448E-03
3.02221921E-03
3.06807446E-03
3.12613537E-03
3.03458396E-03
2.99833112E-03
3.00489837E-03
3.00585730E-03
3.01390737E-03
2.94346146E-03
2.86670616E-03
2.78888441E-03
2.81048254E-03
2.75983096E-03
2.62630570E-03
2.65313558E-03
2.74139220E-03
2.70328205E-03
2.78339948E-03
2.77416713E-03
2.75876952E-03
2.73198950E-03
2.73607842E-03
2.73259463E-03
2.68265149E-03
2.68823763E-03
2.70878835E-03
2.82335590E-03
2.84472519E-03
2.91935676E-03
2.87774668E-03
2.77388533E-03
2.81138298E-03
2.88272747E-03
2.77119378E-03
2.79023835E-03
2.81120618E-03
2.85861434E-03
2.77348919E-03
2.85402665E-03
2.89156533E-03
2.87145826E-03
2.90539639E-03
2.87167180E-03
2.74022756E-03
2.84996967E-03
2.84168170E-03
2.81026226E-03
2.79324161E-03
2.76063627E-03
2.86048549E-03
2.85973449E-03
2.92415434E-03
3.00570139E-03
2.93982508E-03
2.96699924E-03
2.96398982E-03
2.89701205E-03
2.91240619E-03
2.73334616E-03
2.69895423E-03
2.65994245E-03
2.69930012E-03
2.75616565E-03
2.56852385E-03
2.55842118E-03
2.51116156E-03
2.57043619E-03
2.59129707E-03
2.72542590E-03
2.67383384E-03
2.74526349E-03
2.74384079E-03
2.89039876E-03
2.91175136E-03
2.94932538E-03
2.95290411E-03
2.97382191E-03
2.95420875E-03
2.92809617E-03
3.01052361E-03
3.05799575E-03
3.13980614E-03
3.18438542E-03
3.21183071E-03
3.22210619E-03
3.23887798E-03
3.01390764E-03
3.03236585E-03
3.16681828E-03
3.10434023E-03
3.10990218E-03
3.08165147E-03
3.06383864E-03
3.00826533E-03
2.93244537E-03
2.97461263E-03
3.12635864E-03
3.19760757E-03
3.18273419E-03
3.23239536E-03
3.17650276E-03
3.29680636E-03
3.37326115E-03
3.31873393E-03
3.31896804E-03
3.38094744E-03
3.25498572E-03
3.26955566E-03
3.35925444E-03
3.41228003E-03
3.44656863E-03
3.52149985E-03
3.51473079E-03
3.40694931E-03
3.45816403E-03
3.58205584E-03
3.47255993E-03
3.37734204E-03
3.41879857E-03
3.52489284E-03
3.59271516E-03
3.53394433E-03
3.46851355E-03
3.46260450E-03
3.52431315E-03
3.47989542E-03
3.55412070E-03
3.56338143E-03
3.64549998E-03
3.69194562E-03
3.73016663E-03
3.83126506E-03
3.92941026E-03
4.08793152E-03
4.10855286E-03
4.05319571E-03
3.95469761E-03
4.03463216E-03
4.07528058E-03
4.09795185E-03
4.11314234E-03
4.05185293E-03
4.03498814E-03
4.05107328E-03
4.02235374E-03
4.03924559E-03
4.02944247E-03
4.00720268E-03
4.04170176E-03
3.93407926E-03
3.87216184E-03
3.84126131E-03
3.64546898E-03
3.71153006E-03
3.68062878E-03
3.71216970E-03
3.74742267E-03
3.73570674E-03
3.75287817E-03
3.75181637E-03
3.69361336E-03
3.61147460E-03
3.60531920E-03
3.74262827E-03
3.62971952E-03
3.65180323E-03
3.64791303E-03
3.56669389E-03
3.45464774E-03
3.35392075E-03
3.39969137E-03
3.32581664E-03
3.35364419E-03
3.40387398E-03
3.39624410E-03
3.36740583E-03
3.39497837E-03
3.28234833E-03
3.32960354E-03
3.19251439E-03
3.11155012E-03
3.21168305E-03
3.20915215E-03
3.13234265E-03
3.15808438E-03
3.25490535E-03
3.24521296E-03
3.16281208E-03
2.96207549E-03
2.92648917E-03
2.85763098E-03
2.90881352E-03
2.88979927E-03
2.81434720E-03
2.89781927E-03
2.96872417E-03
3.01444944E-03
2.97138314E-03
3.01447180E-03
3.04782315E-03
3.05167164E-03
3.10543575E-03
3.12149939E-03
3.02818941E-03
2.98273106E-03
3.01121486E-03
2.98977406E-03
3.08182424E-03
3.15371001E-03
3.24205651E-03
3.30315893E-03
3.20600712E-03
3.13526026E-03
3.21826401E-03
3.32284596E-03
3.29661578E-03
3.25195986E-03
3.34797160E-03
3.41889410E-03
3.28193254E-03
3.26744132E-03
3.29184386E-03
3.31486265E-03
3.17506110E-03
3.14863878E-03
3.08958727E-03
3.08096487E-03
3.04389559E-03
2.97513424E-03
3.05011144E-03
3.13422008E-03
3.18341177E-03
3.23636576E-03
3.38548184E-03
3.21731450E-03
3.37067223E-03
3.33780364E-03
3.32294722E-03
3.35659157E-03
3.45583054E-03
3.43111885E-03
3.31519715E-03
3.40334494E-03
3.45230800E-03
3.46915348E-03
3.51253344E-03
3.55689812E-03
3.58459449E-03
3.51581172E-03
3.63035733E-03
3.54386620E-03
3.63059567E-03
3.69722857E-03
3.70975069E-03
3.74600937E-03
3.65022901E-03
3.51296170E-03
3.45516172E-03
3.53478193E-03
3.50932614E-03
3.47632461E-03
3.40423947E-03
3.46806464E-03
3.63157517E-03
3.50957419E-03
3.49806615E-03
3.50224982E-03
3.43839044E-03
3.39482325E-03
3.35717116E-03
3.56954558E-03
3.55570626E-03
3.61208134E-03
3.62835718E-03
3.73635168E-03
3.92971751E-03
3.87152682E-03
3.93366999E-03
3.88892485E-03
3.73604874E-03
3.69579182E-03
3.67868289E-03
3.81712650E-03
3.89188507E-03
3.90913000E-03
3.87861810E-03
3.81024853E-03
3.77140818E-03
3.83648559E-03
3.75970355E-03
3.70132181E-03
3.65218528E-03
3.63729761E-03
3.65048413E-03
3.60168181E-03
3.63098964E-03
3.54103262E-03
3.61376400E-03
3.64713079E-03
3.51264133E-03
3.53567126E-03
3.45939594E-03
3.46447924E-03
3.53750559E-03
3.53732730E-03
3.54757123E-03
3.47669154E-03
3.43849993E-03
3.50418227E-03
3.48648638E-03
3.49340403E-03
3.54656764E-03
3.56786198E-03
3.57640238E-03
3.64801098E-03
3.64705063E-03
3.64791945E-03
3.47607598E-03
3.52491684E-03
3.62861910E-03
3.69278207E-03
3.70212423E-03
3.68152155E-03
3.73937310E-03
3.63451795E-03
3.63675450E-03
3.72321279E-03
3.71324200E-03
3.65307982E-03
3.59110362E-03
3.57855206E-03
3.51414055E-03
3.57090335E-03
3.56543860E-03
3.42387951E-03
3.43818383E-03
3.49437964E-03
3.63504612E-03
3.71515943E-03
3.72607712E-03
3.97625425E-03
3.92663564E-03
3.99823407E-03
3.94060992E-03
3.76543291E-03
3.86173672E-03
3.84337493E-03
3.91676501E-03
3.81032344E-03
3.80381016E-03
3.74392599E-03
3.92478104E-03
3.96194100E-03
3.99842672E-03
3.89266239E-03
3.87174998E-03
3.93142197E-03
3.91070933E-03
3.73933238E-03
3.82113580E-03
3.88927084E-03
3.89840576E-03
3.93881004E-03
4.02245018E-03
4.06997912E-03
4.11125675E-03
4.17274340E-03
4.06874567E-03
4.13759557E-03
4.00327832E-03
3.83866703E-03
3.81947668E-03
3.80221221E-03
3.94204287E-03
3.98509228E-03
4.01019951E-03
4.00240441E-03
3.94313386E-03
3.96450849E-03
3.99918795E-03
3.91305219E-03
3.99267072E-03
4.02020699E-03
4.02557687E-03
3.90414433E-03
4.06728091E-03
3.95539823E-03
3.99505358E-03
3.96652012E-03
3.94038494E-03
3.96896567E-03
3.94959140E-03
4.02954646E-03
4.09746902E-03
4.25229720E-03
4.27059146E-03
4.35973434E-03
4.29000612E-03
4.38082930E-03
4.19958029E-03
4.20715702E-03
4.21798261E-03
4.21187030E-03
4.22757479E-03
4.12021618E-03
4.08295699E-03
3.98391511E-03
4.00486475E-03
3.96419553E-03
3.98597345E-03
3.95330689E-03
4.12584718E-03
4.16195059E-03
4.11874405E-03
4.12457508E-03
4.00147928E-03
3.99423625E-03
3.95864320E-03
4.02966972E-03
4.09905349E-03
4.08251872E-03
4.06262177E-03
4.06569882E-03
4.20308875E-03
4.12183515E-03
4.16611477E-03
4.14611883E-03
4.12104256E-03
4.18250594E-03
4.25565568E-03
4.28813680E-03
4.24854122E-03
4.15065736E-03
4.08811581E-03
4.04193220E-03
3.95450510E-03
3.89182245E-03
3.85422214E-03
3.91150588E-03
3.99529170E-03
3.95855916E-03
3.94274517E-03
3.88254332E-03
3.81356085E-03
3.77384919E-03
3.82399799E-03
3.84221656E-03
3.77856917E-03
3.87016597E-03
3.87939445E-03
3.95847107E-03
3.89758413E-03
4.06742232E-03
4.08101869E-03
4.12319935E-03
4.09869210E-03
4.02908176E-03
4.00129763E-03
4.08685611E-03
3.90004541E-03
3.79448765E-03
3.82037673E-03
3.87443701E-03
3.93918582E-03
3.84843590E-03
3.82091793E-03
3.95137848E-03
3.91430440E-03
3.99253871E-03
4.00661329E-03
4.10609706E-03
4.21660045E-03
4.30131280E-03
4.29073113E-03
4.36875696E-03
4.41979643E-03
4.36068966E-03
4.35658352E-03
4.43573380E-03
4.40571495E-03
4.38505579E-03
4.42653607E-03
4.41275481E-03
4.33941440E-03
4.32622045E-03
4.29000739E-03
4.32277433E-03
4.28206945E-03
4.27378074E-03
4.29565415E-03
4.28633220E-03
4.33446412E-03
4.32793077E-03
4.38142015E-03
4.30160319E-03
4.25534420E-03
4.17131222E-03
4.13908161E-03
4.19102465E-03
4.28483001E-03
4.38540539E-03
4.37140905E-03
4.42508468E-03
4.60570669E-03
4.61636640E-03
4.63675783E-03
4.58362405E-03
4.58751015E-03
4.53543156E-03
4.59580281E-03
4.68164486E-03
4.64819717E-03
4.75590887E-03
4.78690049E-03
4.60966618E-03
4.61445004E-03
4.64230962E-03
4.74589145E-03
4.80697827E-03
4.92440571E-03
4.97012158E-03
4.88797703E-03
4.84477673E-03
4.76393508E-03
4.73709120E-03
4.81513368E-03
4.79870893E-03
4.76865744E-03
4.77011916E-03
4.81424941E-03
4.74120623E-03
4.78442931E-03
4.81461334E-03
4.65475108E-03
4.66314299E-03
4.66269528E-03
4.71997347E-03
4.78784261E-03
4.75109507E-03
4.71626902E-03
4.75872477E-03
4.77155543E-03
4.72432798E-03
4.79163771E-03
4.82617190E-03
4.79374908E-03
4.86738506E-03
4.95097156E-03
5.02335552E-03
5.07458282E-03
4.98727761E-03
5.09231294E-03
5.06928466E-03
4.93221457E-03
5.02814932E-03
5.07154663E-03
5.05960859E-03
5.04075730E-03
5.03714591E-03
5.06447047E-03
5.06601035E-03
5.01453089E-03
4.95553391E-03
5.00113439E-03
5.10133380E-03
5.08495042E-03
5.03382655E-03
5.07072903E-03
4.99236659E-03
5.10679679E-03
5.06863221E-03
5.05287079E-03
5.06869138E-03
5.02023911E-03
5.02095159E-03
5.00036990E-03
4.93904896E-03
4.92242280E-03
4.91946092E-03
4.96168951E-03
4.96857790E-03
5.10091090E-03
5.09727727E-03
5.24272384E-03
5.35998992E-03
5.28854118E-03
5.29754816E-03
5.17352565E-03
5.20579238E-03
5.26111930E-03
5.30397512E-03
5.20766258E-03
5.31180783E-03
5.40720450E-03
5.30748786E-03
5.43517896E-03
5.40575260E-03
5.35084650E-03
5.33310616E-03
5.18662226E-03
5.17344581E-03
5.15788283E-03
5.08591019E-03
5.10842211E-03
5.00425138E-03
4.98555090E-03
4.96889488E-03
4.86061979E-03
4.86485288E-03
4.77569812E-03
4.74059195E-03
4.78660295E-03
4.87100637E-03
4.87047154E-03
4.83046772E-03
4.72044930E-03
4.66133060E-03
4.65429227E-03
4.61492987E-03
4.62710112E-03
4.58136310E-03
4.56524378E-03
4.55963705E-03
4.55048778E-03
4.52969529E-03
4.48271664E-03
4.39108885E-03
4.39929494E-03
4.50144947E-03
4.52988571E-03
4.51646549E-03
4.45916714E-03
4.49014239E-03
4.51536927E-03
4.49890314E-03
4.54022593E-03
4.58239947E-03
4.68022247E-03
4.69349169E-03
4.74753383E-03
4.76634249E-03
4.73463609E-03
4.67369851E-03
4.62735855E-03
4.55538499E-03
4.45603196E-03
4.46161815E-03
4.48086075E-03
4.50617514E-03
4.57603567E-03
4.52599591E-03
4.52621762E-03
4.53451379E-03
4.62362483E-03
4.62741206E-03
4.60017034E-03
4.73787442E-03
4.81439952E-03
4.84742200E-03
4.83867099E-03
4.79784166E-03
4.82225968E-03
4.79452442E-03
4.78919859E-03
4.77281148E-03
4.68377464E-03
4.75189557E-03
4.76490336E-03
4.68943643E-03
4.66145851E-03
4.75410868E-03
4.72571176E-03
4.79367996E-03
4.76764454E-03
4.90465143E-03
4.94261947E-03
4.86965691E-03
4.91661834E-03
4.90870460E-03
4.86290360E-03
4.92061494E-03
4.87802649E-03
4.90673619E-03
4.96734713E-03
4.80049121E-03
4.85507101E-03
4.80973246E-03
4.87916740E-03
5.00735512E-03
5.04693226E-03
5.18308769E-03
5.24673146E-03
5.11111689E-03
5.14408336E-03
5.04371912E-03
5.10122733E-03
5.01809337E-03
4.97702822E-03
5.03469347E-03
5.03173306E-03
5.00665720E-03
5.03893075E-03
5.20820894E-03
5.22413753E-03
5.25814869E-03
5.20886708E-03
5.29496136E-03
5.27849236E-03
5.28497433E-03
5.22018883E-03
5.14864778E-03
5.07758005E-03
5.05089288E-03
5.24831583E-03
5.14998646E-03
4.99988598E-03
4.91076041E-03
4.80492521E-03
4.88477943E-03
4.87596065E-03
4.77930955E-03
4.88664370E-03
4.75472721E-03
4.72453363E-03
4.58936633E-03
4.70587540E-03
4.66476350E-03
4.76588550E-03
4.75025203E-03
4.82292758E-03
4.77624445E-03
4.77846229E-03
4.80121695E-03
4.73269006E-03
4.60410584E-03
4.49515930E-03
4.51901718E-03
4.36095640E-03
4.37201152E-03
4.45897152E-03
4.54751445E-03
4.53471309E-03
4.49584382E-03
4.55009727E-03
4.46222569E-03
4.42916888E-03
4.39109650E-03
4.39818428E-03
4.30808655E-03
4.20184633E-03
4.25544142E-03
4.23159397E-03
4.27566517E-03
4.30788243E-03
4.38964579E-03
4.41468033E-03
4.40592534E-03
4.32948166E-03
4.31541746E-03
4.31033345E-03
4.39020873E-03
4.53899486E-03
4.57475501E-03
4.61571430E-03
4.57654881E-03
4.64347518E-03
4.68225984E-03
4.61848415E-03
4.57770786E-03
4.57920707E-03
4.64238387E-03
4.67876994E-03
4.72065480E-03
4.76102868E-03
4.65984007E-03
4.67373401E-03
4.68302563E-03
4.67763585E-03
4.72567472E-03
4.67691373E-03
4.62660555E-03
4.66171890E-03
4.64000301E-03
4.61823921E-03
4.55224288E-03
4.56906475E-03
4.55196957E-03
4.42428210E-03
4.40693968E-03
4.40504470E-03
4.51336621E-03
4.69707838E-03
4.56875731E-03
4.69912395E-03
4.84368182E-03
4.90810838E-03
4.97756820E-03
4.97975506E-03
5.09267114E-03
5.06008864E-03
5.17222185E-03
5.09210425E-03
5.05179326E-03
4.96433888E-03
5.01490797E-03
4.95341682E-03
4.94554189E-03
4.98088999E-03
4.97384664E-03
4.92906677E-03
4.96361237E-03
4.95358080E-03
4.93993835E-03
4.91499683E-03
4.86182960E-03
4.89824653E-03
4.89651395E-03
4.90294529E-03
4.71622220E-03
4.62436933E-03
4.53722877E-03
4.52350620E-03
4.38947922E-03
4.48695895E-03
4.50835252E-03
4.56776167E-03
4.60021783E-03
4.55136036E-03
4.58140806E-03
4.57278556E-03
4.59834071E-03
4.52671250E-03
4.48458568E-03
4.54182510E-03
4.56791941E-03
4.59849950E-03
4.55992666E-03
4.42384918E-03
4.41723737E-03
4.32827181E-03
4.41188138E-03
4.39828431E-03
4.28893506E-03
4.44075935E-03
4.41212100E-03
4.32590003E-03
4.34493003E-03
4.31619271E-03
4.27464680E-03
4.17557416E-03
4.17616906E-03
4.28648105E-03
4.32931310E-03
4.37624242E-03
4.40523112E-03
4.44105336E-03
4.45400361E-03
4.36301253E-03
4.37334766E-03
4.51237725E-03
4.55493006E-03
4.68655277E-03
4.68048610E-03
4.79517985E-03
4.81659603E-03
4.87232217E-03
4.90245411E-03
4.89556024E-03
4.79157398E-03
4.82881554E-03
4.75803767E-03
4.79129628E-03
4.78439566E-03
4.75676016E-03
4.76174457E-03
4.82078138E-03
4.81226289E-03
4.76740652E-03
4.88236542E-03
4.94325700E-03
4.81534342E-03
4.81860334E-03
4.93656505E-03
4.92318844E-03
5.02156785E-03
4.95041086E-03
4.97554869E-03
4.96569947E-03
4.97464766E-03
5.13868838E-03
5.30459049E-03
5.32010739E-03
5.32701287E-03
5.36647195E-03
5.24839687E-03
5.18543098E-03
5.25027523E-03
5.42347439E-03
5.35373939E-03
5.36123461E-03
5.20176603E-03
5.28423537E-03
5.25985953E-03
5.33054089E-03
5.44865354E-03
5.30769751E-03
5.22245099E-03
5.23468444E-03
5.15258151E-03
5.05510478E-03
5.05943373E-03
5.10774384E-03
5.06309233E-03
5.06102098E-03
5.06250438E-03
5.10396111E-03
5.08827018E-03
5.14091735E-03
5.13575711E-03
5.17971966E-03
5.14783505E-03
5.08687579E-03
5.28334304E-03
5.26517957E-03
5.37425889E-03
5.41080825E-03
5.35602921E-03
5.52870944E-03
5.59822773E-03
5.61445510E-03
5.64910990E-03
5.63441040E-03
5.62457973E-03
5.57877499E-03
5.55180465E-03
5.64971746E-03
5.64609159E-03
5.64335675E-03
5.72233385E-03
5.64253562E-03
5.58807387E-03
5.43822236E-03
5.52326447E-03
5.50013342E-03
5.48187965E-03
5.49462791E-03
5.48370314E-03
5.56437728E-03
5.53917563E-03
5.52427504E-03
5.54670556E-03
5.57995879E-03
5.54280603E-03
5.62575333E-03
5.46932078E-03
5.51037435E-03
5.39767808E-03
5.39042750E-03
5.33056561E-03
5.38548137E-03
5.38744869E-03
5.35138537E-03
5.29473332E-03
5.31898321E-03
5.25175177E-03
5.27022740E-03
5.26434308E-03
5.29890063E-03
5.30452078E-03
5.30437123E-03
5.25512104E-03
5.21195210E-03
5.15061519E-03
5.19077489E-03
5.20691404E-03
5.09986779E-03
5.12277920E-03
5.08014433E-03
5.11969468E-03
5.16126996E-03
5.12151382E-03
5.13718438E-03
5.01720804E-03
5.05914315E-03
5.03158425E-03
5.10100054E-03
5.02338849E-03
4.99999556E-03
5.12617708E-03
5.04999020E-03
5.16659671E-03
5.25464607E-03
5.24705474E-03
5.16010658E-03
5.22545286E-03
5.08482155E-03
5.17279586E-03
5.22444503E-03
5.25867456E-03
5.20541885E-03
5.31851203E-03
5.43433471E-03
5.49325415E-03
5.46469469E-03
5.54055376E-03
5.57835577E-03
5.56782896E-03
5.55207564E-03
5.50726053E-03
5.48645312E-03
5.44923795E-03
5.42452751E-03
5.39606731E-03
5.39927644E-03
5.50239793E-03
5.50829436E-03
5.59000432E-03
5.52675714E-03
5.51951134E-03
5.55005688E-03
5.58217998E-03
5.71916270E-03
5.67153595E-03
5.74191085E-03
5.81369295E-03
5.87907029E-03
5.99235417E-03
5.89886999E-03
5.93759610E-03
6.00121646E-03
5.93761169E-03
5.85242159E-03
5.95787462E-03
6.08437209E-03
6.11864368E-03
6.12795922E-03
6.19014287E-03
6.18103705E-03
6.24484511E-03
6.21997915E-03
6.23438144E-03
6.24168345E-03
6.30512251E-03
6.36220178E-03
6.33116527E-03
6.27507748E-03
6.30565751E-03
6.24075614E-03
6.10882809E-03
6.07331859E-03
6.16538243E-03
6.19204244E-03
6.12181987E-03
6.20854810E-03
6.25261193E-03
6.24610954E-03
6.20468956E-03
6.29008624E-03
6.16097649E-03
5.94824853E-03
6.03247975E-03
6.15070135E-03
6.21516865E-03
6.22447117E-03
6.15571827E-03
6.13499752E-03
6.15472932E-03
